-3.429
-3.462
-3.5
-3.531
-3.545
-3.575
-3.602
-3.645
-3.643
-3.437
-3.471
-3.509
-3.542
-3.563
-3.589
-3.607
-3.645
-3.652
-3.434
-3.474
-3.515
-3.536
-3.559
-3.58
-3.607
-3.637
-3.642
-3.415
-3.471
-3.502
-3.527
-3.558
-3.576
-3.607
-3.629
-3.634
-3.406
-3.462
-3.499
-3.531
-3.561
-3.583
-3.615
-3.629
-3.621
-3.415
-3.469
-3.511
-3.533
-3.559
-3.585
-3.619
-3.645
-3.634
-3.408
-3.458
-3.5
-3.526
-3.55
-3.577
-3.616
-3.639
-3.634
-3.412
-3.468
-3.502
-3.533
-3.557
-3.592
-3.626
-3.648
-3.639
-3.424
-3.476
-3.51
-3.54
-3.57
-3.598
-3.619
-3.649
-3.652
-3.601
-3.615
-3.639
-3.689
-3.727
-3.747
-3.747
-3.75
-3.757
-3.6
-3.62
-3.641
-3.688
-3.729
-3.752
-3.751
-3.751
-3.758
-3.597
-3.619
-3.641
-3.686
-3.723
-3.754
-3.751
-3.755
-3.759
-3.6
-3.617
-3.641
-3.688
-3.725
-3.756
-3.75
-3.758
-3.759
-3.603
-3.619
-3.643
-3.693
-3.727
-3.753
-3.76
-3.756
-3.758
-3.608
-3.625
-3.66
-3.699
-3.74
-3.765
-3.77
-3.767
-3.765
-3.602
-3.626
-3.653
-3.703
-3.736
-3.758
-3.762
-3.763
-3.765
-3.604
-3.63
-3.653
-3.705
-3.741
-3.758
-3.76
-3.761
-3.763
-3.61
-3.626
-3.653
-3.7
-3.736
-3.752
-3.752
-3.745
-3.749
-3.758
-3.81
-3.88
-3.943
-3.972
-3.982
-4.009
-3.972
-3.955
-3.734
-3.804
-3.874
-3.938
-3.961
-3.982
-4.008
-3.964
-3.955
-3.741
-3.802
-3.87
-3.936
-3.964
-3.98
-4.016
-3.974
-3.952
-3.758
-3.803
-3.875
-3.939
-3.967
-3.991
-4.01
-3.972
-3.959
-3.766
-3.815
-3.882
-3.948
-3.973
-3.988
-4.007
-3.981
-3.969
-3.779
-3.834
-3.889
-3.953
-3.968
-3.99
-4.01
-3.988
-3.973
-3.801
-3.841
-3.899
-3.962
-3.974
-3.998
-4.014
-4.002
-3.98
-3.79
-3.837
-3.899
-3.955
-3.972
-3.993
-4.004
-3.986
-3.97
-3.779
-3.836
-3.904
-3.963
-3.974
-3.988
-4.011
-3.975
-3.959
0.198
0.195
0.204
0.189
0.172
0.155
0.123
0.089
0.09
0.172
0.179
0.175
0.163
0.147
0.128
0.113
0.076
0.08
0.177
0.174
0.168
0.153
0.156
0.13
0.109
0.095
0.095
0.188
0.181
0.169
0.154
0.147
0.133
0.116
0.092
0.103
0.183
0.172
0.165
0.138
0.131
0.114
0.093
0.073
0.101
0.192
0.17
0.166
0.15
0.148
0.108
0.098
0.073
0.11
0.222
0.194
0.188
0.169
0.166
0.136
0.122
0.093
0.111
0.202
0.174
0.178
0.152
0.138
0.112
0.091
0.06
0.081
0.188
0.177
0.169
0.151
0.142
0.112
0.093
0.06
0.081
-0.038
-0.043
-0.081
-0.124
-0.152
-0.155
-0.175
-0.178
-0.167
-0.025
-0.041
-0.076
-0.125
-0.143
-0.157
-0.171
-0.168
-0.165
-0.016
-0.045
-0.074
-0.122
-0.135
-0.158
-0.178
-0.17
-0.165
-0.021
-0.047
-0.085
-0.126
-0.143
-0.159
-0.178
-0.175
-0.171
-0.036
-0.051
-0.101
-0.14
-0.153
-0.166
-0.183
-0.185
-0.178
-0.028
-0.05
-0.092
-0.135
-0.152
-0.165
-0.179
-0.177
-0.166
-0.035
-0.066
-0.095
-0.148
-0.16
-0.164
-0.185
-0.192
-0.179
-0.043
-0.071
-0.102
-0.154
-0.166
-0.172
-0.194
-0.203
-0.178
-0.044
-0.064
-0.095
-0.147
-0.162
-0.169
-0.187
-0.183
-0.171
-0.255
-0.317
-0.349
-0.369
-0.365
-0.356
-0.384
-0.43
-0.445
-0.219
-0.31
-0.355
-0.361
-0.35
-0.345
-0.39
-0.43
-0.447
-0.244
-0.323
-0.356
-0.377
-0.365
-0.359
-0.407
-0.452
-0.455
-0.266
-0.32
-0.351
-0.373
-0.368
-0.373
-0.404
-0.453
-0.458
-0.283
-0.34
-0.372
-0.375
-0.374
-0.374
-0.398
-0.462
-0.475
-0.292
-0.345
-0.373
-0.386
-0.367
-0.365
-0.4
-0.471
-0.483
-0.331
-0.374
-0.404
-0.406
-0.39
-0.391
-0.418
-0.488
-0.499
-0.323
-0.364
-0.407
-0.391
-0.388
-0.389
-0.398
-0.46
-0.475
-0.302
-0.357
-0.384
-0.385
-0.382
-0.365
-0.384
-0.423
-0.437
-0.305
-0.292
-0.304
-0.331
-0.362
-0.415
-0.437
-0.493
-0.477
-0.355
-0.331
-0.358
-0.391
-0.424
-0.451
-0.473
-0.513
-0.499
-0.326
-0.328
-0.356
-0.387
-0.399
-0.426
-0.453
-0.457
-0.448
-0.295
-0.304
-0.333
-0.391
-0.408
-0.436
-0.453
-0.458
-0.443
-0.289
-0.291
-0.341
-0.4
-0.417
-0.452
-0.469
-0.454
-0.435
-0.298
-0.327
-0.361
-0.39
-0.412
-0.475
-0.487
-0.476
-0.441
-0.265
-0.296
-0.349
-0.394
-0.411
-0.456
-0.467
-0.483
-0.454
-0.267
-0.297
-0.359
-0.406
-0.418
-0.472
-0.479
-0.496
-0.468
-0.309
-0.325
-0.391
-0.42
-0.434
-0.486
-0.512
-0.512
-0.506
-0.73
-0.75
-0.793
-0.851
-0.901
-0.91
-0.926
-0.911
-0.926
-0.729
-0.763
-0.783
-0.844
-0.906
-0.923
-0.926
-0.9
-0.926
-0.725
-0.789
-0.804
-0.859
-0.908
-0.951
-0.948
-0.929
-0.942
-0.737
-0.784
-0.823
-0.869
-0.916
-0.953
-0.95
-0.94
-0.95
-0.739
-0.777
-0.828
-0.869
-0.919
-0.94
-0.962
-0.93
-0.943
-0.747
-0.787
-0.833
-0.875
-0.932
-0.968
-0.961
-0.93
-0.945
-0.751
-0.818
-0.844
-0.908
-0.945
-0.961
-0.967
-0.962
-0.957
-0.781
-0.842
-0.877
-0.926
-0.96
-0.981
-0.984
-0.985
-0.965
-0.793
-0.817
-0.852
-0.905
-0.945
-0.961
-0.964
-0.942
-0.94
-1.17
-1.223
-1.268
-1.338
-1.387
-1.381
-1.393
-1.379
-1.382
-1.136
-1.233
-1.254
-1.331
-1.382
-1.382
-1.391
-1.371
-1.397
-1.162
-1.228
-1.258
-1.345
-1.399
-1.394
-1.416
-1.397
-1.404
-1.194
-1.236
-1.278
-1.359
-1.396
-1.402
-1.403
-1.399
-1.414
-1.234
-1.285
-1.313
-1.389
-1.414
-1.402
-1.412
-1.419
-1.449
-1.251
-1.298
-1.301
-1.413
-1.413
-1.404
-1.438
-1.443
-1.462
-1.316
-1.346
-1.358
-1.452
-1.427
-1.438
-1.464
-1.5
-1.485
-1.306
-1.339
-1.374
-1.414
-1.439
-1.443
-1.426
-1.463
-1.453
-1.283
-1.332
-1.366
-1.42
-1.434
-1.459
-1.429
-1.412
-1.408
-1.045
-0.92
-0.797
-0.778
-0.796
-0.879
-0.923
-0.985
-0.91
-1.097
-0.991
-0.887
-0.865
-0.912
-0.963
-0.95
-1.014
-0.959
-1.085
-1.012
-0.963
-0.904
-0.897
-0.932
-0.959
-0.959
-0.921
-1.073
-1.005
-0.941
-0.911
-0.918
-0.961
-0.969
-0.954
-0.9
-1.063
-0.959
-0.928
-0.933
-0.938
-0.963
-0.996
-0.964
-0.861
-1.026
-0.977
-0.936
-0.908
-0.897
-0.984
-1.021
-0.983
-0.857
-0.997
-0.981
-0.938
-0.932
-0.922
-0.996
-1.04
-1.034
-0.906
-1.055
-1.021
-0.965
-0.989
-1.006
-1.061
-1.062
-1.077
-0.983
-1.077
-1.001
-0.967
-0.977
-0.927
-1.019
-1.053
-1.032
-0.984
-1.794
-1.732
-1.712
-1.72
-1.715
-1.757
-1.754
-1.76
-1.767
-1.805
-1.79
-1.732
-1.742
-1.765
-1.801
-1.758
-1.756
-1.772
-1.779
-1.789
-1.729
-1.735
-1.737
-1.785
-1.765
-1.769
-1.782
-1.828
-1.815
-1.786
-1.748
-1.762
-1.8
-1.797
-1.815
-1.813
-1.85
-1.835
-1.816
-1.767
-1.808
-1.819
-1.832
-1.836
-1.826
-1.875
-1.841
-1.811
-1.815
-1.847
-1.867
-1.845
-1.847
-1.818
-1.87
-1.877
-1.826
-1.829
-1.838
-1.855
-1.827
-1.876
-1.834
-1.884
-1.893
-1.837
-1.824
-1.841
-1.857
-1.865
-1.894
-1.822
-1.895
-1.884
-1.825
-1.793
-1.825
-1.836
-1.827
-1.806
-1.798
-2.693
-2.751
-2.691
-2.691
-2.692
-2.633
-2.693
-2.661
-2.658
-2.591
-2.704
-2.652
-2.655
-2.62
-2.604
-2.614
-2.629
-2.638
-2.653
-2.713
-2.649
-2.69
-2.674
-2.599
-2.665
-2.665
-2.665
-2.729
-2.743
-2.685
-2.715
-2.71
-2.69
-2.711
-2.705
-2.728
-2.767
-2.779
-2.728
-2.738
-2.694
-2.669
-2.669
-2.735
-2.758
-2.849
-2.827
-2.721
-2.767
-2.677
-2.677
-2.686
-2.768
-2.803
-2.979
-2.938
-2.862
-2.841
-2.758
-2.779
-2.768
-2.861
-2.872
-2.943
-2.947
-2.898
-2.827
-2.79
-2.764
-2.727
-2.797
-2.793
-2.87
-2.899
-2.871
-2.785
-2.73
-2.721
-2.688
-2.683
-2.651
-2.756
-2.622
-2.625
-2.718
-2.822
-3.036
-3.082
-3.203
-3.101
-2.929
-2.785
-2.816
-2.958
-3.092
-3.239
-3.141
-3.25
-3.211
-2.928
-2.913
-2.936
-3.077
-3.136
-3.27
-3.221
-3.19
-3.106
-2.877
-2.913
-2.947
-3.075
-3.172
-3.256
-3.231
-3.176
-3.09
-2.947
-2.88
-3.025
-3.182
-3.237
-3.358
-3.373
-3.24
-3.096
-2.874
-2.875
-3.046
-3.049
-3.148
-3.345
-3.356
-3.301
-3.086
-2.747
-2.805
-2.914
-3.035
-3.14
-3.26
-3.283
-3.301
-3.075
-2.744
-2.834
-2.941
-3.097
-3.169
-3.366
-3.373
-3.347
-3.166
-2.929
-2.926
-3.133
-3.197
-3.214
-3.4
-3.437
-3.431
-3.305
-4.241
-4.307
-4.445
-4.636
-4.729
-4.804
-4.777
-4.736
-4.81
-4.242
-4.384
-4.454
-4.624
-4.742
-4.829
-4.764
-4.726
-4.822
-4.258
-4.408
-4.463
-4.601
-4.712
-4.831
-4.781
-4.763
-4.827
-4.307
-4.424
-4.545
-4.638
-4.737
-4.888
-4.873
-4.824
-4.87
-4.367
-4.462
-4.603
-4.67
-4.789
-4.877
-4.884
-4.834
-4.857
-4.415
-4.473
-4.599
-4.705
-4.864
-4.92
-4.892
-4.82
-4.843
-4.379
-4.539
-4.628
-4.777
-4.849
-4.9
-4.908
-4.879
-4.872
-4.51
-4.651
-4.744
-4.864
-4.916
-4.995
-4.992
-5.015
-4.93
-4.532
-4.629
-4.692
-4.784
-4.915
-4.932
-4.91
-4.814
-4.877
-5.996
-6.236
-6.374
-6.502
-6.632
-6.535
-6.557
-6.422
-6.506
-5.824
-6.258
-6.277
-6.441
-6.527
-6.489
-6.492
-6.433
-6.553
-5.813
-6.141
-6.168
-6.397
-6.491
-6.401
-6.481
-6.428
-6.449
-6.03
-6.141
-6.244
-6.396
-6.498
-6.556
-6.524
-6.494
-6.523
-6.114
-6.298
-6.391
-6.481
-6.52
-6.53
-6.502
-6.574
-6.7
-6.292
-6.468
-6.433
-6.619
-6.582
-6.622
-6.57
-6.709
-6.814
-6.587
-6.663
-6.671
-6.749
-6.773
-6.741
-6.699
-6.845
-6.889
-6.437
-6.601
-6.642
-6.657
-6.764
-6.703
-6.588
-6.635
-6.72
-6.33
-6.516
-6.568
-6.642
-6.656
-6.698
-6.529
-6.499
-6.442
