-3.348
-3.302
-3.256
-3.24
-3.23
-3.218
-3.204
-3.182
-3.16
-3.35
-3.301
-3.251
-3.232
-3.226
-3.211
-3.197
-3.181
-3.155
-3.365
-3.321
-3.271
-3.24
-3.227
-3.211
-3.2
-3.184
-3.151
-3.378
-3.335
-3.279
-3.249
-3.231
-3.218
-3.202
-3.184
-3.154
-3.398
-3.345
-3.285
-3.26
-3.244
-3.226
-3.206
-3.183
-3.157
-3.42
-3.362
-3.305
-3.274
-3.256
-3.23
-3.213
-3.19
-3.161
-3.429
-3.371
-3.31
-3.272
-3.253
-3.226
-3.21
-3.184
-3.145
-3.444
-3.377
-3.324
-3.279
-3.257
-3.232
-3.202
-3.178
-3.145
-3.475
-3.402
-3.347
-3.302
-3.275
-3.248
-3.214
-3.182
-3.152
-3.562
-3.525
-3.489
-3.467
-3.44
-3.429
-3.417
-3.41
-3.392
-3.573
-3.531
-3.496
-3.467
-3.449
-3.425
-3.418
-3.405
-3.388
-3.586
-3.541
-3.503
-3.475
-3.452
-3.433
-3.422
-3.409
-3.391
-3.583
-3.544
-3.504
-3.474
-3.452
-3.43
-3.417
-3.412
-3.384
-3.6
-3.552
-3.511
-3.477
-3.459
-3.435
-3.423
-3.413
-3.385
-3.621
-3.569
-3.525
-3.496
-3.466
-3.45
-3.428
-3.414
-3.388
-3.635
-3.579
-3.528
-3.496
-3.462
-3.44
-3.416
-3.41
-3.379
-3.657
-3.593
-3.541
-3.506
-3.464
-3.444
-3.421
-3.406
-3.375
-3.681
-3.611
-3.559
-3.512
-3.481
-3.45
-3.428
-3.404
-3.372
-3.726
-3.72
-3.711
-3.685
-3.653
-3.635
-3.613
-3.611
-3.608
-3.732
-3.722
-3.714
-3.678
-3.653
-3.634
-3.612
-3.616
-3.622
-3.741
-3.738
-3.712
-3.681
-3.659
-3.639
-3.625
-3.625
-3.62
-3.74
-3.74
-3.719
-3.689
-3.655
-3.637
-3.619
-3.612
-3.609
-3.75
-3.752
-3.721
-3.688
-3.655
-3.641
-3.625
-3.617
-3.61
-3.777
-3.764
-3.724
-3.69
-3.653
-3.643
-3.624
-3.615
-3.604
-3.793
-3.769
-3.733
-3.69
-3.657
-3.647
-3.631
-3.619
-3.607
-3.815
-3.775
-3.735
-3.703
-3.66
-3.641
-3.629
-3.618
-3.606
-3.827
-3.79
-3.746
-3.71
-3.668
-3.64
-3.623
-3.608
-3.596
-3.289
-3.226
-3.183
-3.169
-3.153
-3.128
-3.133
-3.128
-3.141
-3.339
-3.265
-3.227
-3.195
-3.176
-3.146
-3.14
-3.153
-3.149
-3.343
-3.285
-3.241
-3.194
-3.182
-3.147
-3.131
-3.134
-3.134
-3.376
-3.305
-3.244
-3.199
-3.184
-3.149
-3.133
-3.123
-3.124
-3.412
-3.317
-3.253
-3.231
-3.202
-3.144
-3.137
-3.132
-3.119
-3.452
-3.362
-3.28
-3.257
-3.214
-3.155
-3.139
-3.135
-3.113
-3.493
-3.395
-3.309
-3.255
-3.214
-3.165
-3.137
-3.129
-3.094
-3.553
-3.43
-3.356
-3.286
-3.25
-3.183
-3.153
-3.135
-3.121
-3.59
-3.461
-3.387
-3.309
-3.264
-3.198
-3.156
-3.13
-3.1
-3.738
-3.678
-3.649
-3.63
-3.6
-3.59
-3.589
-3.591
-3.591
-3.748
-3.689
-3.653
-3.621
-3.612
-3.578
-3.573
-3.569
-3.592
-3.767
-3.712
-3.663
-3.627
-3.612
-3.584
-3.584
-3.57
-3.571
-3.785
-3.72
-3.669
-3.632
-3.612
-3.582
-3.577
-3.57
-3.573
-3.822
-3.742
-3.682
-3.647
-3.626
-3.587
-3.587
-3.572
-3.565
-3.861
-3.771
-3.72
-3.678
-3.643
-3.605
-3.578
-3.575
-3.565
-3.899
-3.797
-3.739
-3.69
-3.645
-3.599
-3.57
-3.57
-3.554
-3.945
-3.83
-3.755
-3.703
-3.652
-3.599
-3.576
-3.564
-3.538
-3.987
-3.871
-3.793
-3.726
-3.673
-3.613
-3.579
-3.561
-3.534
-4.103
-4.101
-4.101
-4.082
-4.047
-4.011
-3.99
-4.012
-4.039
-4.12
-4.103
-4.102
-4.068
-4.043
-4.011
-3.99
-4.005
-4.051
-4.119
-4.11
-4.084
-4.049
-4.027
-4.007
-3.994
-3.982
-4.023
-4.133
-4.128
-4.102
-4.069
-4.013
-4.003
-3.992
-3.975
-4.015
-4.153
-4.141
-4.119
-4.074
-4.031
-4.013
-4.004
-4.003
-4.02
-4.207
-4.171
-4.132
-4.082
-4.04
-4.028
-3.991
-4.006
-4.006
-4.239
-4.186
-4.146
-4.081
-4.043
-4.014
-4.002
-4.004
-4.003
-4.288
-4.221
-4.179
-4.108
-4.059
-4.007
-3.999
-3.986
-4.005
-4.335
-4.272
-4.194
-4.142
-4.095
-4.02
-3.99
-3.982
-4.003
-3.058
-2.876
-2.71
-2.591
-2.49
-2.466
-2.456
-2.461
-2.46
-3.123
-2.906
-2.726
-2.609
-2.503
-2.45
-2.44
-2.453
-2.439
-3.199
-2.993
-2.792
-2.646
-2.523
-2.439
-2.445
-2.465
-2.438
-3.28
-3.06
-2.834
-2.681
-2.567
-2.469
-2.475
-2.486
-2.443
-3.362
-3.087
-2.866
-2.703
-2.572
-2.486
-2.459
-2.48
-2.41
-3.447
-3.159
-2.919
-2.762
-2.609
-2.512
-2.464
-2.476
-2.406
-3.496
-3.215
-2.981
-2.781
-2.63
-2.524
-2.473
-2.458
-2.362
-3.586
-3.293
-3.032
-2.8
-2.643
-2.542
-2.449
-2.448
-2.338
-3.719
-3.418
-3.157
-2.912
-2.726
-2.622
-2.545
-2.495
-2.379
-3.909
-3.71
-3.55
-3.458
-3.324
-3.29
-3.287
-3.319
-3.287
-3.97
-3.763
-3.585
-3.471
-3.364
-3.287
-3.278
-3.298
-3.294
-3.989
-3.792
-3.618
-3.484
-3.355
-3.288
-3.3
-3.304
-3.271
-4.025
-3.83
-3.64
-3.489
-3.358
-3.283
-3.288
-3.307
-3.258
-4.086
-3.878
-3.671
-3.501
-3.385
-3.29
-3.293
-3.31
-3.248
-4.182
-3.938
-3.731
-3.583
-3.436
-3.335
-3.299
-3.308
-3.251
-4.271
-4.008
-3.78
-3.612
-3.433
-3.329
-3.29
-3.3
-3.238
-4.368
-4.078
-3.84
-3.645
-3.451
-3.355
-3.309
-3.298
-3.193
-4.448
-4.146
-3.894
-3.662
-3.479
-3.35
-3.297
-3.271
-3.165
-4.639
-4.545
-4.469
-4.343
-4.175
-4.107
-4.091
-4.146
-4.145
-4.664
-4.566
-4.467
-4.301
-4.166
-4.082
-4.079
-4.114
-4.174
-4.696
-4.602
-4.463
-4.306
-4.157
-4.099
-4.062
-4.113
-4.16
-4.747
-4.662
-4.52
-4.359
-4.171
-4.142
-4.11
-4.123
-4.163
-4.8
-4.713
-4.551
-4.351
-4.203
-4.147
-4.127
-4.151
-4.152
-4.879
-4.749
-4.57
-4.354
-4.194
-4.141
-4.102
-4.128
-4.109
-4.945
-4.782
-4.586
-4.37
-4.192
-4.133
-4.115
-4.132
-4.117
-5.088
-4.844
-4.671
-4.457
-4.256
-4.152
-4.161
-4.142
-4.132
-5.147
-4.929
-4.708
-4.496
-4.28
-4.153
-4.126
-4.092
-4.089
-2.824
-2.708
-2.575
-2.548
-2.518
-2.488
-2.471
-2.445
-2.431
-2.99
-2.795
-2.661
-2.574
-2.508
-2.451
-2.445
-2.447
-2.416
-3.102
-2.9
-2.742
-2.616
-2.538
-2.421
-2.407
-2.393
-2.347
-3.24
-3.027
-2.839
-2.699
-2.614
-2.467
-2.457
-2.428
-2.324
-3.391
-3.126
-2.874
-2.76
-2.636
-2.461
-2.423
-2.405
-2.307
-3.613
-3.281
-3.022
-2.854
-2.679
-2.463
-2.411
-2.408
-2.288
-3.776
-3.406
-3.119
-2.871
-2.692
-2.507
-2.421
-2.394
-2.225
-3.941
-3.512
-3.2
-2.935
-2.769
-2.571
-2.404
-2.32
-2.156
-4.202
-3.728
-3.404
-3.139
-2.926
-2.674
-2.521
-2.36
-2.161
-4.398
-4.276
-4.223
-4.195
-4.104
-4.053
-4.045
-4.053
-4.016
-4.491
-4.362
-4.276
-4.194
-4.142
-4.035
-4.019
-4.007
-4.011
-4.588
-4.435
-4.297
-4.221
-4.09
-3.998
-4.015
-4.009
-3.946
-4.673
-4.512
-4.343
-4.199
-4.124
-3.974
-3.986
-4.0
-3.92
-4.836
-4.62
-4.432
-4.265
-4.179
-4.019
-4.032
-3.994
-3.902
-5.02
-4.751
-4.55
-4.421
-4.259
-4.083
-4.026
-4.001
-3.896
-5.195
-4.895
-4.646
-4.497
-4.303
-4.095
-3.992
-3.99
-3.847
-5.38
-5.011
-4.716
-4.513
-4.301
-4.123
-4.002
-3.934
-3.757
-5.608
-5.178
-4.865
-4.594
-4.368
-4.112
-3.989
-3.908
-3.703
-5.966
-6.047
-6.094
-6.045
-5.881
-5.753
-5.705
-5.743
-5.816
-6.044
-6.073
-6.118
-5.978
-5.851
-5.706
-5.683
-5.714
-5.87
-6.086
-6.175
-6.138
-5.955
-5.826
-5.725
-5.678
-5.743
-5.807
-6.195
-6.266
-6.196
-6.036
-5.782
-5.786
-5.66
-5.683
-5.76
-6.284
-6.319
-6.253
-6.049
-5.835
-5.783
-5.699
-5.684
-5.723
-6.44
-6.418
-6.217
-6.001
-5.797
-5.744
-5.672
-5.644
-5.637
-6.648
-6.56
-6.363
-6.058
-5.876
-5.776
-5.744
-5.717
-5.724
-6.988
-6.759
-6.606
-6.296
-6.059
-5.85
-5.815
-5.741
-5.801
-7.164
-6.92
-6.684
-6.387
-6.11
-5.87
-5.764
-5.638
-5.679
