-0.181
-0.198
-0.217
-0.234
-0.227
-0.219
-0.208
-0.196
-0.193
-0.175
-0.189
-0.201
-0.226
-0.214
-0.209
-0.197
-0.187
-0.187
-0.166
-0.179
-0.192
-0.214
-0.218
-0.205
-0.187
-0.185
-0.185
-0.166
-0.177
-0.193
-0.218
-0.206
-0.21
-0.191
-0.193
-0.191
-0.166
-0.187
-0.201
-0.216
-0.21
-0.213
-0.195
-0.199
-0.198
-0.164
-0.182
-0.197
-0.215
-0.213
-0.208
-0.191
-0.194
-0.192
-0.167
-0.181
-0.191
-0.214
-0.21
-0.21
-0.189
-0.185
-0.194
-0.156
-0.18
-0.183
-0.21
-0.201
-0.205
-0.179
-0.184
-0.18
-0.155
-0.18
-0.188
-0.202
-0.2
-0.19
-0.188
-0.169
-0.157
0.032
0.014
-0.0
-0.019
-0.011
-0.002
0.01
0.021
0.031
0.042
0.023
0.016
-0.001
-0.004
0.007
0.022
0.031
0.03
0.053
0.03
0.023
0.007
0.001
0.013
0.022
0.035
0.031
0.052
0.032
0.024
0.007
0.007
0.01
0.016
0.027
0.03
0.047
0.033
0.018
0.001
0.002
0.009
0.014
0.027
0.025
0.053
0.033
0.024
0.011
0.009
0.016
0.026
0.031
0.027
0.053
0.031
0.023
0.011
0.006
0.017
0.025
0.031
0.034
0.059
0.034
0.023
0.014
0.011
0.02
0.032
0.045
0.04
0.058
0.033
0.025
0.011
0.014
0.021
0.035
0.049
0.045
-0.173
-0.202
-0.21
-0.223
-0.226
-0.213
-0.202
-0.186
-0.176
-0.163
-0.192
-0.202
-0.216
-0.215
-0.206
-0.193
-0.176
-0.17
-0.153
-0.187
-0.188
-0.197
-0.209
-0.197
-0.181
-0.176
-0.172
-0.152
-0.183
-0.194
-0.204
-0.204
-0.198
-0.19
-0.185
-0.173
-0.151
-0.18
-0.192
-0.199
-0.204
-0.191
-0.194
-0.191
-0.18
-0.151
-0.184
-0.189
-0.2
-0.198
-0.189
-0.184
-0.176
-0.172
-0.15
-0.17
-0.185
-0.19
-0.199
-0.192
-0.181
-0.169
-0.161
-0.149
-0.179
-0.187
-0.193
-0.196
-0.187
-0.166
-0.167
-0.155
-0.15
-0.182
-0.185
-0.189
-0.201
-0.183
-0.167
-0.159
-0.152
-0.181
-0.198
-0.217
-0.234
-0.227
-0.219
-0.208
-0.196
-0.193
-0.175
-0.189
-0.201
-0.226
-0.214
-0.209
-0.197
-0.187
-0.187
-0.166
-0.179
-0.192
-0.214
-0.218
-0.205
-0.187
-0.185
-0.185
-0.166
-0.177
-0.193
-0.218
-0.206
-0.21
-0.191
-0.193
-0.191
-0.166
-0.187
-0.201
-0.216
-0.21
-0.213
-0.195
-0.199
-0.198
-0.164
-0.182
-0.197
-0.215
-0.213
-0.208
-0.191
-0.194
-0.192
-0.167
-0.181
-0.191
-0.214
-0.21
-0.21
-0.189
-0.185
-0.194
-0.156
-0.18
-0.183
-0.21
-0.201
-0.205
-0.179
-0.184
-0.18
-0.155
-0.18
-0.188
-0.202
-0.2
-0.19
-0.188
-0.169
-0.157
0.032
0.014
-0.0
-0.019
-0.011
-0.002
0.01
0.021
0.031
0.042
0.023
0.016
-0.001
-0.004
0.007
0.022
0.031
0.03
0.053
0.03
0.023
0.007
0.001
0.013
0.022
0.035
0.031
0.052
0.032
0.024
0.007
0.007
0.01
0.016
0.027
0.03
0.047
0.033
0.018
0.001
0.002
0.009
0.014
0.027
0.025
0.053
0.033
0.024
0.011
0.009
0.016
0.026
0.031
0.027
0.053
0.031
0.023
0.011
0.006
0.017
0.025
0.031
0.034
0.059
0.034
0.023
0.014
0.011
0.02
0.032
0.045
0.04
0.058
0.033
0.025
0.011
0.014
0.021
0.035
0.049
0.045
-0.173
-0.202
-0.21
-0.223
-0.226
-0.213
-0.202
-0.186
-0.176
-0.163
-0.192
-0.202
-0.216
-0.215
-0.206
-0.193
-0.176
-0.17
-0.153
-0.187
-0.188
-0.197
-0.209
-0.197
-0.181
-0.176
-0.172
-0.152
-0.183
-0.194
-0.204
-0.204
-0.198
-0.19
-0.185
-0.173
-0.151
-0.18
-0.192
-0.199
-0.204
-0.191
-0.194
-0.191
-0.18
-0.151
-0.184
-0.189
-0.2
-0.198
-0.189
-0.184
-0.176
-0.172
-0.15
-0.17
-0.185
-0.19
-0.199
-0.192
-0.181
-0.169
-0.161
-0.149
-0.179
-0.187
-0.193
-0.196
-0.187
-0.166
-0.167
-0.155
-0.15
-0.182
-0.185
-0.189
-0.201
-0.183
-0.167
-0.159
-0.152
-0.181
-0.198
-0.217
-0.234
-0.227
-0.219
-0.208
-0.196
-0.193
-0.175
-0.189
-0.201
-0.226
-0.214
-0.209
-0.197
-0.187
-0.187
-0.166
-0.179
-0.192
-0.214
-0.218
-0.205
-0.187
-0.185
-0.185
-0.166
-0.177
-0.193
-0.218
-0.206
-0.21
-0.191
-0.193
-0.191
-0.166
-0.187
-0.201
-0.216
-0.21
-0.213
-0.195
-0.199
-0.198
-0.164
-0.182
-0.197
-0.215
-0.213
-0.208
-0.191
-0.194
-0.192
-0.167
-0.181
-0.191
-0.214
-0.21
-0.21
-0.189
-0.185
-0.194
-0.156
-0.18
-0.183
-0.21
-0.201
-0.205
-0.179
-0.184
-0.18
-0.155
-0.18
-0.188
-0.202
-0.2
-0.19
-0.188
-0.169
-0.157
0.032
0.014
-0.0
-0.019
-0.011
-0.002
0.01
0.021
0.031
0.042
0.023
0.016
-0.001
-0.004
0.007
0.022
0.031
0.03
0.053
0.03
0.023
0.007
0.001
0.013
0.022
0.035
0.031
0.052
0.032
0.024
0.007
0.007
0.01
0.016
0.027
0.03
0.047
0.033
0.018
0.001
0.002
0.009
0.014
0.027
0.025
0.053
0.033
0.024
0.011
0.009
0.016
0.026
0.031
0.027
0.053
0.031
0.023
0.011
0.006
0.017
0.025
0.031
0.034
0.059
0.034
0.023
0.014
0.011
0.02
0.032
0.045
0.04
0.058
0.033
0.025
0.011
0.014
0.021
0.035
0.049
0.045
-0.173
-0.202
-0.21
-0.223
-0.226
-0.213
-0.202
-0.186
-0.176
-0.163
-0.192
-0.202
-0.216
-0.215
-0.206
-0.193
-0.176
-0.17
-0.153
-0.187
-0.188
-0.197
-0.209
-0.197
-0.181
-0.176
-0.172
-0.152
-0.183
-0.194
-0.204
-0.204
-0.198
-0.19
-0.185
-0.173
-0.151
-0.18
-0.192
-0.199
-0.204
-0.191
-0.194
-0.191
-0.18
-0.151
-0.184
-0.189
-0.2
-0.198
-0.189
-0.184
-0.176
-0.172
-0.15
-0.17
-0.185
-0.19
-0.199
-0.192
-0.181
-0.169
-0.161
-0.149
-0.179
-0.187
-0.193
-0.196
-0.187
-0.166
-0.167
-0.155
-0.15
-0.182
-0.185
-0.189
-0.201
-0.183
-0.167
-0.159
-0.152
-0.052
-0.077
-0.104
-0.113
-0.095
-0.086
-0.084
-0.098
-0.097
-0.019
-0.044
-0.068
-0.076
-0.07
-0.061
-0.064
-0.082
-0.089
-0.028
-0.045
-0.078
-0.082
-0.083
-0.07
-0.07
-0.095
-0.104
-0.027
-0.048
-0.077
-0.09
-0.066
-0.07
-0.066
-0.097
-0.113
-0.029
-0.041
-0.07
-0.081
-0.069
-0.062
-0.069
-0.105
-0.111
-0.027
-0.051
-0.056
-0.072
-0.064
-0.055
-0.066
-0.099
-0.113
-0.015
-0.034
-0.043
-0.057
-0.047
-0.048
-0.039
-0.072
-0.093
-0.005
-0.019
-0.025
-0.044
-0.031
-0.018
-0.02
-0.046
-0.071
0.014
0.01
-0.003
-0.029
-0.021
0.009
-0.009
-0.028
-0.034
0.112
0.095
0.072
0.062
0.075
0.089
0.089
0.074
0.063
0.139
0.12
0.102
0.093
0.091
0.112
0.113
0.09
0.078
0.135
0.117
0.098
0.088
0.081
0.102
0.1
0.084
0.06
0.144
0.122
0.105
0.093
0.088
0.1
0.1
0.075
0.054
0.137
0.127
0.1
0.095
0.09
0.106
0.102
0.074
0.052
0.145
0.13
0.112
0.103
0.1
0.117
0.113
0.088
0.058
0.15
0.137
0.121
0.115
0.112
0.129
0.119
0.089
0.083
0.169
0.152
0.145
0.132
0.125
0.145
0.141
0.119
0.098
0.181
0.172
0.156
0.143
0.146
0.154
0.161
0.14
0.119
-0.067
-0.083
-0.11
-0.117
-0.121
-0.091
-0.085
-0.113
-0.123
-0.046
-0.064
-0.088
-0.092
-0.091
-0.079
-0.073
-0.102
-0.113
-0.044
-0.058
-0.08
-0.09
-0.101
-0.085
-0.074
-0.105
-0.122
-0.047
-0.059
-0.093
-0.093
-0.09
-0.081
-0.078
-0.122
-0.126
-0.052
-0.053
-0.081
-0.087
-0.092
-0.072
-0.084
-0.116
-0.134
-0.031
-0.055
-0.071
-0.08
-0.074
-0.067
-0.067
-0.1
-0.118
-0.03
-0.032
-0.06
-0.059
-0.07
-0.059
-0.049
-0.087
-0.091
-0.018
-0.027
-0.049
-0.054
-0.065
-0.04
-0.03
-0.07
-0.082
-0.021
-0.024
-0.035
-0.039
-0.048
-0.027
-0.019
-0.049
-0.059
-0.007
-0.068
-0.115
-0.165
-0.144
-0.153
-0.147
-0.142
-0.11
0.049
-0.026
-0.076
-0.098
-0.113
-0.101
-0.1
-0.11
-0.091
0.065
-0.002
-0.079
-0.1
-0.12
-0.109
-0.105
-0.112
-0.105
0.07
-0.0
-0.066
-0.107
-0.103
-0.128
-0.106
-0.119
-0.119
0.059
-0.006
-0.06
-0.107
-0.102
-0.111
-0.112
-0.127
-0.129
0.077
-0.011
-0.055
-0.092
-0.096
-0.083
-0.1
-0.128
-0.127
0.078
0.027
-0.014
-0.069
-0.049
-0.071
-0.06
-0.09
-0.099
0.107
0.062
0.026
-0.014
-0.012
-0.028
-0.032
-0.044
-0.073
0.135
0.106
0.065
0.007
0.021
0.033
-0.012
-0.011
-0.006
0.278
0.217
0.154
0.118
0.126
0.133
0.149
0.148
0.163
0.333
0.258
0.218
0.181
0.154
0.168
0.188
0.174
0.186
0.343
0.266
0.22
0.18
0.162
0.173
0.167
0.179
0.163
0.355
0.278
0.228
0.188
0.169
0.176
0.17
0.171
0.171
0.345
0.277
0.219
0.186
0.167
0.174
0.165
0.164
0.153
0.351
0.278
0.232
0.194
0.177
0.2
0.185
0.168
0.152
0.368
0.311
0.261
0.24
0.221
0.223
0.211
0.18
0.193
0.4
0.355
0.304
0.276
0.256
0.268
0.257
0.233
0.222
0.425
0.393
0.345
0.312
0.298
0.31
0.298
0.278
0.259
-0.036
-0.108
-0.163
-0.188
-0.213
-0.183
-0.168
-0.179
-0.174
0.012
-0.066
-0.111
-0.135
-0.174
-0.151
-0.145
-0.154
-0.147
0.033
-0.049
-0.093
-0.125
-0.165
-0.141
-0.132
-0.135
-0.152
0.038
-0.056
-0.104
-0.123
-0.166
-0.149
-0.146
-0.166
-0.152
0.039
-0.03
-0.079
-0.122
-0.162
-0.137
-0.137
-0.165
-0.16
0.039
-0.051
-0.086
-0.126
-0.139
-0.126
-0.121
-0.155
-0.164
0.047
0.002
-0.052
-0.078
-0.098
-0.11
-0.094
-0.118
-0.125
0.082
0.05
-0.004
-0.033
-0.059
-0.047
-0.036
-0.099
-0.091
0.09
0.072
0.027
0.018
-0.023
-0.013
0.002
-0.042
-0.04
0.316
0.198
0.142
0.069
0.032
-0.02
0.025
0.018
0.035
0.47
0.327
0.263
0.227
0.161
0.108
0.139
0.129
0.102
0.524
0.395
0.305
0.238
0.165
0.123
0.124
0.145
0.101
0.522
0.417
0.309
0.231
0.233
0.143
0.155
0.093
0.046
0.497
0.394
0.338
0.224
0.199
0.132
0.125
0.065
0.028
0.53
0.393
0.354
0.248
0.216
0.176
0.153
0.081
0.051
0.525
0.448
0.391
0.269
0.252
0.187
0.201
0.163
0.081
0.572
0.473
0.414
0.312
0.29
0.204
0.23
0.21
0.15
0.591
0.513
0.429
0.29
0.265
0.254
0.246
0.25
0.237
0.697
0.602
0.503
0.419
0.391
0.372
0.376
0.409
0.387
0.833
0.703
0.661
0.576
0.518
0.494
0.5
0.49
0.452
0.877
0.752
0.662
0.598
0.542
0.522
0.481
0.514
0.439
0.898
0.781
0.698
0.616
0.547
0.536
0.514
0.466
0.438
0.871
0.774
0.665
0.605
0.531
0.516
0.476
0.476
0.4
0.886
0.805
0.712
0.622
0.561
0.55
0.528
0.482
0.433
0.929
0.823
0.746
0.683
0.6
0.588
0.549
0.505
0.493
0.963
0.863
0.788
0.701
0.618
0.611
0.587
0.599
0.548
0.965
0.861
0.788
0.698
0.643
0.593
0.61
0.621
0.569
0.386
0.275
0.162
0.114
0.038
0.056
0.006
0.069
0.027
0.515
0.406
0.327
0.231
0.158
0.148
0.126
0.153
0.103
0.539
0.422
0.348
0.266
0.199
0.17
0.177
0.154
0.103
0.571
0.439
0.328
0.287
0.204
0.187
0.157
0.105
0.082
0.546
0.422
0.351
0.267
0.169
0.175
0.128
0.091
0.059
0.578
0.421
0.339
0.28
0.228
0.166
0.185
0.144
0.068
0.582
0.505
0.393
0.339
0.248
0.176
0.215
0.179
0.118
0.638
0.516
0.427
0.357
0.292
0.253
0.274
0.214
0.22
0.606
0.506
0.426
0.355
0.299
0.251
0.303
0.262
0.25
0.79
0.642
0.511
0.309
0.245
0.158
0.187
0.178
0.227
1.098
0.89
0.706
0.63
0.515
0.416
0.369
0.372
0.348
1.21
0.997
0.792
0.643
0.545
0.445
0.428
0.408
0.32
1.239
1.005
0.811
0.673
0.605
0.419
0.46
0.383
0.248
1.186
0.991
0.813
0.654
0.566
0.444
0.391
0.36
0.202
1.251
1.021
0.882
0.753
0.635
0.566
0.46
0.34
0.277
1.261
1.114
0.987
0.766
0.753
0.549
0.62
0.482
0.364
1.324
1.206
1.11
0.895
0.839
0.679
0.669
0.613
0.491
1.343
1.282
1.152
0.954
0.882
0.806
0.729
0.74
0.716
1.362
1.178
1.008
0.843
0.774
0.725
0.734
0.772
0.74
1.623
1.397
1.299
1.11
1.002
0.927
0.958
0.923
0.833
1.726
1.497
1.347
1.177
1.062
1.019
0.929
0.953
0.812
1.781
1.544
1.411
1.25
1.076
1.025
0.945
0.878
0.788
1.722
1.552
1.359
1.2
1.089
1.024
0.931
0.873
0.754
1.781
1.573
1.458
1.246
1.128
1.084
1.038
0.957
0.81
1.836
1.631
1.516
1.364
1.225
1.133
1.061
0.997
0.94
1.923
1.728
1.629
1.457
1.302
1.231
1.204
1.171
1.026
1.939
1.805
1.665
1.497
1.404
1.295
1.304
1.268
1.118
0.697
0.47
0.3
0.175
0.003
0.011
-0.011
0.009
-0.034
0.926
0.723
0.56
0.382
0.248
0.191
0.17
0.203
0.104
1.052
0.792
0.625
0.486
0.353
0.269
0.274
0.223
0.117
1.061
0.802
0.637
0.515
0.309
0.272
0.223
0.119
0.085
1.03
0.847
0.699
0.529
0.319
0.319
0.202
0.099
0.055
1.091
0.858
0.732
0.54
0.438
0.34
0.305
0.218
0.091
1.099
0.98
0.793
0.678
0.488
0.385
0.356
0.302
0.174
1.211
1.007
0.837
0.716
0.533
0.501
0.528
0.383
0.315
1.149
1.06
0.922
0.765
0.641
0.557
0.609
0.496
0.464
