4.066
4.04
4.014
3.99
3.957
3.99
4.005
3.999
3.97
4.05
4.033
3.988
3.968
3.94
3.945
3.977
3.977
3.935
4.045
4.023
3.99
3.964
3.925
3.944
3.962
3.963
3.934
4.033
4.002
3.988
3.951
3.912
3.947
3.946
3.943
3.932
4.045
4.011
3.986
3.956
3.912
3.955
3.965
3.96
3.942
4.036
4.016
3.983
3.962
3.924
3.971
3.975
3.953
3.948
4.043
4.017
3.984
3.966
3.941
3.977
3.966
3.953
3.951
4.057
4.029
4.006
3.964
3.954
3.996
3.983
3.973
3.975
4.074
4.041
4.024
3.977
3.978
4.019
3.993
3.99
3.997
3.918
3.898
3.869
3.843
3.8
3.843
3.851
3.849
3.81
3.903
3.891
3.861
3.827
3.785
3.82
3.835
3.829
3.793
3.909
3.893
3.874
3.828
3.781
3.821
3.842
3.827
3.796
3.913
3.887
3.856
3.824
3.781
3.827
3.837
3.831
3.799
3.91
3.882
3.854
3.826
3.79
3.836
3.84
3.827
3.798
3.906
3.877
3.857
3.827
3.8
3.843
3.849
3.829
3.803
3.895
3.88
3.862
3.824
3.806
3.842
3.833
3.815
3.806
3.903
3.891
3.877
3.833
3.822
3.852
3.837
3.827
3.826
3.909
3.892
3.883
3.841
3.838
3.86
3.85
3.837
3.838
3.945
3.927
3.905
3.878
3.834
3.877
3.896
3.876
3.851
3.932
3.919
3.89
3.862
3.826
3.857
3.87
3.858
3.836
3.927
3.921
3.891
3.855
3.825
3.864
3.876
3.865
3.836
3.932
3.912
3.885
3.854
3.824
3.862
3.873
3.852
3.829
3.92
3.901
3.878
3.842
3.813
3.861
3.858
3.842
3.817
3.92
3.898
3.876
3.851
3.826
3.871
3.866
3.846
3.826
3.931
3.901
3.891
3.852
3.839
3.883
3.877
3.865
3.847
3.938
3.901
3.897
3.856
3.863
3.897
3.877
3.875
3.861
3.932
3.921
3.906
3.862
3.875
3.888
3.883
3.874
3.866
4.066
4.04
4.014
3.99
3.957
3.99
4.005
3.999
3.97
4.05
4.033
3.988
3.968
3.94
3.945
3.977
3.977
3.935
4.045
4.023
3.99
3.964
3.925
3.944
3.962
3.963
3.934
4.033
4.002
3.988
3.951
3.912
3.947
3.946
3.943
3.932
4.045
4.011
3.986
3.956
3.912
3.955
3.965
3.96
3.942
4.036
4.016
3.983
3.962
3.924
3.971
3.975
3.953
3.948
4.043
4.017
3.984
3.966
3.941
3.977
3.966
3.953
3.951
4.057
4.029
4.006
3.964
3.954
3.996
3.983
3.973
3.975
4.074
4.041
4.024
3.977
3.978
4.019
3.993
3.99
3.997
3.918
3.898
3.869
3.843
3.8
3.843
3.851
3.849
3.81
3.903
3.891
3.861
3.827
3.785
3.82
3.835
3.829
3.793
3.909
3.893
3.874
3.828
3.781
3.821
3.842
3.827
3.796
3.913
3.887
3.856
3.824
3.781
3.827
3.837
3.831
3.799
3.91
3.882
3.854
3.826
3.79
3.836
3.84
3.827
3.798
3.906
3.877
3.857
3.827
3.8
3.843
3.849
3.829
3.803
3.895
3.88
3.862
3.824
3.806
3.842
3.833
3.815
3.806
3.903
3.891
3.877
3.833
3.822
3.852
3.837
3.827
3.826
3.909
3.892
3.883
3.841
3.838
3.86
3.85
3.837
3.838
3.945
3.927
3.905
3.878
3.834
3.877
3.896
3.876
3.851
3.932
3.919
3.89
3.862
3.826
3.857
3.87
3.858
3.836
3.927
3.921
3.891
3.855
3.825
3.864
3.876
3.865
3.836
3.932
3.912
3.885
3.854
3.824
3.862
3.873
3.852
3.829
3.92
3.901
3.878
3.842
3.813
3.861
3.858
3.842
3.817
3.92
3.898
3.876
3.851
3.826
3.871
3.866
3.846
3.826
3.931
3.901
3.891
3.852
3.839
3.883
3.877
3.865
3.847
3.938
3.901
3.897
3.856
3.863
3.897
3.877
3.875
3.861
3.932
3.921
3.906
3.862
3.875
3.888
3.883
3.874
3.866
4.019
3.989
3.979
3.975
3.969
3.94
3.942
3.952
3.941
3.998
3.98
3.934
3.93
3.925
3.907
3.896
3.911
3.896
3.983
3.947
3.916
3.925
3.913
3.892
3.884
3.89
3.902
3.968
3.954
3.896
3.886
3.901
3.897
3.881
3.879
3.924
3.99
3.955
3.892
3.892
3.899
3.911
3.904
3.887
3.946
3.962
3.934
3.901
3.891
3.9
3.908
3.902
3.907
3.938
3.969
3.947
3.897
3.891
3.899
3.898
3.89
3.926
3.962
3.979
3.958
3.911
3.917
3.916
3.912
3.905
3.948
3.984
4.023
3.985
3.952
3.95
3.952
3.951
3.956
3.969
4.0
3.77
3.764
3.728
3.715
3.717
3.71
3.702
3.702
3.71
3.753
3.74
3.7
3.688
3.703
3.687
3.665
3.68
3.693
3.755
3.731
3.698
3.692
3.699
3.678
3.664
3.675
3.683
3.754
3.743
3.71
3.692
3.698
3.681
3.675
3.684
3.703
3.754
3.721
3.706
3.698
3.688
3.693
3.688
3.685
3.696
3.759
3.727
3.697
3.697
3.691
3.698
3.702
3.697
3.713
3.768
3.739
3.71
3.704
3.712
3.708
3.714
3.708
3.732
3.763
3.753
3.726
3.726
3.73
3.721
3.715
3.719
3.737
3.792
3.77
3.729
3.741
3.734
3.737
3.741
3.74
3.774
3.797
3.79
3.746
3.731
3.741
3.737
3.723
3.726
3.726
3.782
3.782
3.745
3.73
3.74
3.715
3.713
3.716
3.725
3.778
3.784
3.732
3.73
3.749
3.731
3.714
3.716
3.717
3.791
3.772
3.732
3.734
3.743
3.727
3.727
3.718
3.736
3.798
3.776
3.739
3.727
3.75
3.731
3.716
3.729
3.734
3.794
3.752
3.722
3.724
3.735
3.722
3.716
3.734
3.759
3.784
3.764
3.72
3.723
3.743
3.758
3.739
3.768
3.796
3.809
3.797
3.768
3.766
3.782
3.787
3.764
3.789
3.819
3.82
3.804
3.78
3.789
3.781
3.785
3.791
3.808
3.841
4.0
3.98
3.927
3.908
3.954
3.92
3.928
3.927
3.888
3.984
3.94
3.902
3.88
3.895
3.855
3.861
3.864
3.83
3.969
3.921
3.856
3.866
3.87
3.842
3.844
3.851
3.831
3.943
3.894
3.84
3.837
3.84
3.826
3.814
3.817
3.836
3.941
3.898
3.867
3.836
3.836
3.836
3.853
3.85
3.86
3.945
3.895
3.856
3.878
3.851
3.847
3.851
3.872
3.891
3.945
3.913
3.854
3.869
3.875
3.883
3.847
3.903
3.934
3.991
3.954
3.893
3.911
3.935
3.93
3.905
3.934
3.982
4.077
4.003
3.935
3.975
3.989
3.979
3.987
4.009
4.051
3.689
3.659
3.59
3.596
3.614
3.611
3.598
3.572
3.556
3.686
3.645
3.59
3.602
3.607
3.59
3.57
3.55
3.535
3.67
3.617
3.586
3.592
3.585
3.564
3.551
3.536
3.528
3.668
3.617
3.568
3.581
3.566
3.559
3.549
3.548
3.541
3.637
3.599
3.573
3.556
3.571
3.557
3.545
3.545
3.537
3.639
3.622
3.573
3.581
3.594
3.584
3.573
3.579
3.578
3.654
3.629
3.549
3.585
3.585
3.595
3.579
3.571
3.597
3.672
3.628
3.591
3.588
3.602
3.6
3.589
3.596
3.617
3.698
3.648
3.612
3.608
3.613
3.614
3.624
3.62
3.647
3.681
3.696
3.621
3.639
3.652
3.658
3.636
3.601
3.591
3.668
3.661
3.61
3.635
3.634
3.642
3.619
3.612
3.594
3.689
3.674
3.607
3.605
3.632
3.638
3.62
3.595
3.58
3.681
3.683
3.611
3.6
3.658
3.61
3.644
3.611
3.634
3.675
3.672
3.626
3.604
3.661
3.598
3.615
3.631
3.616
3.687
3.636
3.629
3.608
3.647
3.625
3.631
3.629
3.632
3.679
3.625
3.614
3.598
3.631
3.65
3.645
3.625
3.65
3.69
3.653
3.62
3.623
3.654
3.688
3.635
3.652
3.695
3.702
3.668
3.627
3.65
3.632
3.669
3.691
3.673
3.718
3.943
3.889
3.828
3.779
3.777
3.768
3.78
3.779
3.753
3.876
3.798
3.742
3.747
3.711
3.673
3.71
3.714
3.675
3.863
3.799
3.74
3.71
3.66
3.646
3.664
3.679
3.675
3.84
3.79
3.743
3.665
3.651
3.66
3.662
3.687
3.693
3.846
3.79
3.752
3.676
3.687
3.686
3.682
3.702
3.732
3.836
3.816
3.763
3.711
3.719
3.708
3.705
3.732
3.757
3.876
3.86
3.752
3.756
3.75
3.739
3.729
3.757
3.817
3.921
3.855
3.771
3.764
3.746
3.779
3.767
3.802
3.863
3.935
3.88
3.872
3.806
3.765
3.808
3.838
3.862
3.92
3.52
3.485
3.445
3.391
3.394
3.383
3.34
3.36
3.375
3.488
3.46
3.422
3.376
3.356
3.34
3.325
3.34
3.36
3.52
3.462
3.416
3.37
3.332
3.336
3.321
3.305
3.332
3.533
3.48
3.421
3.383
3.37
3.351
3.346
3.326
3.353
3.495
3.454
3.424
3.379
3.356
3.365
3.333
3.36
3.36
3.491
3.453
3.418
3.385
3.368
3.36
3.352
3.394
3.391
3.492
3.493
3.399
3.393
3.359
3.373
3.386
3.392
3.407
3.516
3.471
3.428
3.407
3.372
3.373
3.385
3.411
3.455
3.548
3.495
3.464
3.422
3.404
3.393
3.417
3.425
3.473
3.602
3.59
3.579
3.549
3.478
3.484
3.49
3.493
3.472
3.598
3.601
3.565
3.556
3.475
3.499
3.483
3.503
3.487
3.63
3.642
3.551
3.566
3.489
3.475
3.486
3.514
3.497
3.641
3.609
3.555
3.536
3.509
3.49
3.493
3.508
3.506
3.644
3.617
3.568
3.514
3.516
3.542
3.51
3.546
3.551
3.64
3.628
3.559
3.535
3.485
3.521
3.521
3.563
3.554
3.639
3.608
3.541
3.535
3.506
3.55
3.549
3.562
3.593
3.641
3.615
3.55
3.57
3.553
3.582
3.564
3.599
3.637
3.632
3.634
3.591
3.568
3.581
3.556
3.569
3.629
3.679
3.906
3.904
3.835
3.812
3.753
3.718
3.77
3.77
3.753
3.893
3.805
3.727
3.727
3.706
3.646
3.682
3.67
3.653
3.877
3.795
3.698
3.72
3.683
3.598
3.668
3.687
3.674
3.848
3.799
3.711
3.677
3.644
3.606
3.636
3.668
3.681
3.857
3.802
3.714
3.65
3.612
3.66
3.646
3.669
3.714
3.877
3.793
3.703
3.659
3.621
3.688
3.68
3.702
3.768
3.877
3.809
3.703
3.701
3.648
3.705
3.645
3.709
3.757
3.882
3.822
3.772
3.747
3.687
3.727
3.706
3.77
3.801
3.954
3.878
3.831
3.799
3.78
3.791
3.828
3.925
3.928
3.474
3.417
3.346
3.318
3.281
3.299
3.265
3.249
3.269
3.439
3.381
3.327
3.282
3.258
3.265
3.224
3.224
3.257
3.454
3.394
3.342
3.297
3.271
3.264
3.237
3.21
3.274
3.425
3.386
3.309
3.301
3.258
3.228
3.22
3.222
3.232
3.434
3.397
3.327
3.304
3.235
3.245
3.25
3.279
3.293
3.41
3.364
3.32
3.288
3.254
3.265
3.265
3.29
3.305
3.43
3.4
3.306
3.276
3.267
3.264
3.282
3.304
3.326
3.463
3.409
3.349
3.3
3.265
3.278
3.275
3.335
3.356
3.469
3.405
3.371
3.328
3.296
3.289
3.277
3.353
3.38
3.552
3.573
3.495
3.495
3.454
3.421
3.371
3.401
3.439
3.561
3.579
3.5
3.466
3.411
3.395
3.361
3.406
3.419
3.581
3.583
3.481
3.461
3.405
3.39
3.411
3.43
3.458
3.569
3.544
3.451
3.438
3.424
3.376
3.421
3.418
3.429
3.553
3.532
3.438
3.426
3.411
3.401
3.382
3.42
3.433
3.555
3.547
3.468
3.417
3.415
3.427
3.449
3.464
3.498
3.571
3.537
3.481
3.423
3.424
3.434
3.475
3.483
3.536
3.574
3.535
3.478
3.457
3.427
3.472
3.492
3.49
3.554
3.588
3.556
3.521
3.453
3.455
3.497
3.538
3.571
3.604
3.556
3.487
3.417
3.392
3.346
3.349
3.319
3.371
3.335
3.493
3.404
3.365
3.338
3.285
3.272
3.243
3.303
3.273
3.446
3.408
3.351
3.325
3.293
3.21
3.227
3.273
3.255
3.48
3.442
3.327
3.314
3.286
3.246
3.247
3.302
3.295
3.516
3.435
3.332
3.304
3.272
3.313
3.264
3.32
3.367
3.478
3.419
3.334
3.271
3.257
3.273
3.283
3.344
3.399
3.518
3.493
3.331
3.287
3.289
3.268
3.28
3.388
3.454
3.537
3.451
3.358
3.36
3.366
3.353
3.356
3.405
3.503
3.638
3.541
3.481
3.485
3.444
3.417
3.48
3.531
3.643
3.183
3.144
3.041
3.023
2.957
2.982
2.949
2.954
2.948
3.158
3.117
3.052
3.016
2.961
2.935
2.895
2.944
2.953
3.184
3.106
3.054
2.998
2.953
2.936
2.913
2.942
2.941
3.165
3.121
3.055
3.003
2.981
2.945
2.931
2.938
2.961
3.148
3.123
3.068
3.0
2.946
2.952
2.95
2.978
2.989
3.163
3.08
3.023
2.998
2.924
2.956
2.968
2.977
3.018
3.153
3.116
3.014
2.98
2.943
2.993
3.004
2.997
3.022
3.228
3.158
3.076
3.032
2.997
3.018
3.041
3.041
3.074
3.231
3.184
3.118
3.071
3.027
3.017
3.038
3.084
3.12
3.472
3.414
3.342
3.27
3.234
3.249
3.277
3.284
3.224
3.437
3.412
3.37
3.307
3.231
3.256
3.244
3.253
3.211
3.426
3.396
3.345
3.266
3.23
3.263
3.202
3.246
3.208
3.415
3.378
3.289
3.253
3.26
3.213
3.263
3.272
3.246
3.38
3.395
3.289
3.277
3.253
3.24
3.274
3.277
3.268
3.402
3.431
3.313
3.283
3.263
3.29
3.297
3.275
3.33
3.459
3.369
3.245
3.25
3.238
3.286
3.314
3.349
3.361
3.473
3.347
3.283
3.32
3.314
3.339
3.305
3.42
3.45
3.482
3.394
3.297
3.347
3.323
3.352
3.373
3.475
3.471
3.246
3.235
3.111
3.056
2.983
3.046
3.033
3.033
3.003
3.196
3.111
2.995
2.975
2.907
2.894
2.927
2.989
2.953
3.157
3.056
2.953
2.951
2.866
2.846
2.905
2.94
2.919
3.204
3.115
3.043
2.954
2.937
2.907
2.927
2.933
2.973
3.209
3.089
3.043
2.927
2.901
2.927
2.895
2.913
2.988
3.148
3.071
3.012
2.955
2.888
2.96
2.928
2.964
3.032
3.214
3.112
2.973
2.938
2.938
2.958
2.916
2.981
3.114
3.229
3.167
2.997
2.989
2.967
3.076
3.009
3.026
3.218
3.274
3.208
3.127
3.143
3.068
3.182
3.159
3.239
3.325
2.816
2.743
2.689
2.6
2.557
2.554
2.583
2.567
2.563
2.783
2.745
2.681
2.583
2.562
2.548
2.526
2.528
2.56
2.753
2.739
2.687
2.586
2.539
2.533
2.502
2.523
2.528
2.778
2.688
2.627
2.572
2.519
2.514
2.498
2.506
2.537
2.761
2.701
2.649
2.562
2.506
2.513
2.529
2.532
2.576
2.75
2.732
2.629
2.562
2.531
2.557
2.55
2.574
2.632
2.757
2.719
2.649
2.571
2.572
2.566
2.525
2.59
2.628
2.827
2.737
2.656
2.639
2.573
2.583
2.592
2.638
2.674
2.837
2.778
2.646
2.628
2.598
2.599
2.626
2.648
2.731
3.019
3.002
2.876
2.898
2.801
2.817
2.771
2.77
2.782
2.999
3.01
2.881
2.869
2.816
2.781
2.747
2.767
2.751
2.998
2.976
2.892
2.851
2.746
2.759
2.791
2.781
2.774
3.016
2.965
2.881
2.821
2.753
2.763
2.781
2.797
2.804
2.982
2.933
2.855
2.813
2.778
2.746
2.809
2.806
2.804
3.022
2.991
2.867
2.855
2.808
2.842
2.865
2.918
2.995
2.984
2.985
2.906
2.884
2.818
2.866
2.84
2.989
3.011
3.057
3.0
2.956
2.952
2.87
2.914
2.918
2.98
3.044
3.03
3.035
2.906
2.859
2.889
2.893
2.943
2.995
3.066
3.661
3.613
3.488
3.477
3.476
3.512
3.454
3.476
3.484
3.602
3.514
3.402
3.384
3.385
3.417
3.345
3.404
3.404
3.558
3.458
3.352
3.354
3.348
3.355
3.325
3.383
3.417
3.554
3.496
3.36
3.352
3.329
3.341
3.345
3.384
3.407
3.551
3.509
3.332
3.348
3.331
3.367
3.384
3.413
3.498
3.518
3.465
3.361
3.362
3.339
3.427
3.441
3.46
3.567
3.535
3.451
3.347
3.379
3.36
3.386
3.422
3.471
3.578
3.619
3.497
3.413
3.405
3.415
3.491
3.496
3.556
3.744
3.715
3.58
3.451
3.481
3.522
3.608
3.654
3.705
3.814
2.909
2.846
2.747
2.741
2.694
2.74
2.722
2.7
2.756
2.858
2.798
2.696
2.663
2.68
2.704
2.673
2.664
2.713
2.886
2.781
2.697
2.682
2.71
2.666
2.673
2.704
2.728
2.884
2.752
2.661
2.674
2.685
2.639
2.682
2.734
2.741
2.854
2.765
2.689
2.659
2.641
2.706
2.705
2.746
2.787
2.861
2.785
2.689
2.712
2.702
2.746
2.779
2.802
2.864
2.861
2.778
2.674
2.685
2.722
2.742
2.783
2.801
2.879
2.907
2.809
2.715
2.713
2.747
2.779
2.822
2.854
2.935
2.96
2.844
2.762
2.76
2.753
2.855
2.881
2.923
3.023
3.443
3.419
3.29
3.321
3.266
3.297
3.284
3.297
3.286
3.462
3.415
3.269
3.27
3.239
3.305
3.294
3.229
3.266
3.458
3.396
3.294
3.257
3.288
3.318
3.353
3.291
3.263
3.449
3.351
3.27
3.269
3.301
3.272
3.312
3.268
3.362
3.397
3.376
3.277
3.287
3.31
3.313
3.298
3.325
3.401
3.414
3.365
3.29
3.347
3.38
3.361
3.39
3.397
3.485
3.426
3.363
3.248
3.277
3.331
3.395
3.406
3.466
3.552
3.477
3.429
3.263
3.289
3.345
3.429
3.432
3.58
3.632
3.503
3.376
3.339
3.314
3.382
3.432
3.494
3.68
3.691
3.828
3.665
3.615
3.619
3.584
3.632
3.636
3.627
3.665
3.764
3.585
3.507
3.532
3.521
3.527
3.534
3.568
3.587
3.721
3.605
3.483
3.51
3.539
3.505
3.551
3.587
3.586
3.64
3.597
3.499
3.467
3.463
3.46
3.505
3.525
3.578
3.685
3.65
3.517
3.447
3.472
3.506
3.524
3.606
3.648
3.709
3.605
3.471
3.488
3.542
3.564
3.587
3.688
3.703
3.773
3.636
3.516
3.553
3.566
3.597
3.633
3.712
3.793
3.769
3.662
3.578
3.605
3.611
3.639
3.713
3.819
3.879
3.872
3.737
3.672
3.663
3.73
3.76
3.864
3.971
4.019
3.072
2.973
2.893
2.853
2.843
2.9
2.887
2.922
2.934
2.989
2.897
2.835
2.801
2.804
2.849
2.834
2.827
2.849
3.01
2.905
2.827
2.806
2.842
2.834
2.845
2.86
2.877
3.009
2.918
2.792
2.782
2.894
2.859
2.873
2.912
2.9
3.018
2.953
2.842
2.848
2.862
2.872
2.904
2.918
2.927
3.006
2.884
2.827
2.811
2.834
2.862
2.924
2.948
2.981
3.036
2.923
2.842
2.802
2.858
2.899
2.919
2.966
3.032
3.093
2.981
2.864
2.883
2.908
2.97
2.963
3.048
3.127
3.072
2.964
2.895
2.898
2.944
2.965
3.01
3.113
3.167
3.598
3.529
3.485
3.464
3.466
3.458
3.44
3.442
3.481
3.528
3.443
3.403
3.364
3.418
3.467
3.394
3.403
3.424
3.566
3.507
3.416
3.38
3.387
3.479
3.453
3.467
3.42
3.563
3.529
3.438
3.392
3.385
3.447
3.424
3.475
3.474
3.503
3.496
3.428
3.425
3.419
3.497
3.482
3.514
3.551
3.557
3.531
3.448
3.438
3.457
3.522
3.564
3.564
3.586
3.565
3.493
3.414
3.382
3.424
3.522
3.561
3.573
3.662
3.657
3.516
3.46
3.473
3.532
3.626
3.642
3.687
3.769
3.626
3.548
3.428
3.497
3.566
3.58
3.713
3.734
3.876
