-0.149
-0.175
-0.194
-0.202
-0.201
-0.182
-0.169
-0.172
-0.176
-0.133
-0.165
-0.187
-0.186
-0.188
-0.171
-0.162
-0.163
-0.168
-0.123
-0.159
-0.176
-0.183
-0.179
-0.169
-0.155
-0.165
-0.162
-0.116
-0.148
-0.168
-0.172
-0.174
-0.167
-0.153
-0.17
-0.169
-0.124
-0.149
-0.163
-0.171
-0.166
-0.165
-0.15
-0.158
-0.165
-0.13
-0.157
-0.174
-0.176
-0.17
-0.171
-0.15
-0.165
-0.185
-0.122
-0.153
-0.175
-0.17
-0.169
-0.162
-0.153
-0.162
-0.176
-0.13
-0.152
-0.179
-0.181
-0.173
-0.17
-0.148
-0.167
-0.167
-0.132
-0.152
-0.168
-0.176
-0.166
-0.16
-0.143
-0.159
-0.159
0.029
0.005
-0.012
-0.026
-0.016
-0.007
0.006
0.009
0.004
0.043
0.013
0.003
-0.01
-0.009
0.008
0.014
0.014
0.008
0.047
0.024
0.005
-0.004
-0.002
0.013
0.018
0.017
0.008
0.053
0.024
0.006
0.001
0.005
0.014
0.016
0.015
0.013
0.053
0.028
0.007
0.005
0.003
0.011
0.022
0.015
0.015
0.048
0.023
0.008
-0.002
0.004
0.012
0.023
0.016
0.007
0.054
0.025
0.011
-0.0
0.004
0.012
0.025
0.019
0.011
0.049
0.019
0.009
-0.008
0.001
0.014
0.023
0.02
0.011
0.053
0.024
0.007
0.003
0.005
0.018
0.032
0.029
0.027
-0.182
-0.211
-0.226
-0.245
-0.231
-0.216
-0.207
-0.201
-0.197
-0.172
-0.191
-0.212
-0.231
-0.216
-0.206
-0.196
-0.197
-0.197
-0.161
-0.184
-0.202
-0.221
-0.219
-0.202
-0.19
-0.202
-0.195
-0.161
-0.187
-0.203
-0.213
-0.212
-0.193
-0.199
-0.194
-0.199
-0.161
-0.183
-0.198
-0.213
-0.218
-0.198
-0.191
-0.195
-0.197
-0.159
-0.189
-0.194
-0.218
-0.212
-0.2
-0.195
-0.188
-0.201
-0.155
-0.185
-0.191
-0.221
-0.208
-0.199
-0.19
-0.188
-0.193
-0.16
-0.191
-0.201
-0.222
-0.204
-0.195
-0.186
-0.182
-0.195
-0.157
-0.186
-0.193
-0.22
-0.214
-0.19
-0.183
-0.172
-0.192
-0.013
-0.038
-0.052
-0.052
-0.048
-0.03
-0.037
-0.071
-0.134
-0.006
-0.019
-0.034
-0.038
-0.039
-0.01
-0.023
-0.065
-0.118
0.004
-0.004
-0.014
-0.019
-0.019
-0.013
-0.013
-0.069
-0.115
0.017
0.004
-0.008
-0.003
-0.01
-0.008
-0.025
-0.068
-0.137
0.002
-0.017
-0.018
-0.02
-0.013
-0.01
-0.029
-0.08
-0.141
0.007
-0.019
-0.026
-0.023
-0.021
-0.009
-0.016
-0.078
-0.154
0.009
-0.006
-0.017
-0.008
-0.009
0.01
-0.005
-0.064
-0.136
0.021
0.013
-0.011
-0.003
0.003
0.018
0.01
-0.044
-0.11
0.033
0.01
0.012
0.0
0.015
0.015
0.015
-0.033
-0.09
0.158
0.148
0.135
0.129
0.132
0.149
0.14
0.106
0.049
0.177
0.162
0.16
0.159
0.153
0.175
0.16
0.12
0.063
0.179
0.173
0.166
0.165
0.161
0.179
0.16
0.111
0.06
0.186
0.173
0.175
0.166
0.165
0.177
0.158
0.109
0.056
0.181
0.175
0.17
0.169
0.159
0.178
0.15
0.107
0.051
0.185
0.174
0.163
0.171
0.162
0.178
0.153
0.118
0.041
0.19
0.173
0.17
0.167
0.171
0.182
0.164
0.119
0.057
0.195
0.176
0.177
0.171
0.18
0.191
0.168
0.13
0.066
0.205
0.189
0.187
0.188
0.189
0.194
0.184
0.144
0.084
-0.001
-0.004
-0.012
-0.017
-0.011
-0.005
-0.009
-0.041
-0.085
0.023
0.038
0.011
0.013
0.011
0.021
0.014
-0.032
-0.082
0.032
0.038
0.019
0.02
0.005
0.02
0.013
-0.043
-0.083
0.03
0.026
0.014
0.008
0.009
0.028
0.009
-0.04
-0.092
0.029
0.031
0.024
0.007
0.007
0.026
0.009
-0.05
-0.101
0.034
0.031
0.025
0.015
0.024
0.027
0.003
-0.033
-0.1
0.034
0.035
0.025
0.01
0.017
0.021
0.008
-0.03
-0.099
0.03
0.031
0.026
0.013
0.02
0.041
0.017
-0.022
-0.083
0.047
0.051
0.033
0.036
0.029
0.047
0.036
-0.006
-0.071
0.106
0.025
0.017
-0.006
0.002
-0.004
-0.013
-0.045
-0.113
0.157
0.082
0.054
0.016
0.003
0.027
0.007
-0.034
-0.093
0.175
0.086
0.075
0.04
0.024
0.037
0.019
-0.049
-0.087
0.178
0.109
0.066
0.061
0.037
0.042
0.005
-0.067
-0.1
0.163
0.092
0.052
0.043
0.041
0.023
-0.003
-0.067
-0.104
0.162
0.106
0.066
0.045
0.038
0.034
0.031
-0.048
-0.126
0.167
0.112
0.074
0.062
0.05
0.055
0.03
-0.029
-0.114
0.181
0.116
0.086
0.071
0.071
0.084
0.062
-0.017
-0.091
0.181
0.139
0.104
0.095
0.095
0.091
0.085
0.018
-0.052
0.351
0.327
0.295
0.266
0.262
0.27
0.255
0.184
0.148
0.416
0.35
0.333
0.3
0.301
0.292
0.287
0.226
0.178
0.446
0.372
0.35
0.326
0.295
0.299
0.277
0.232
0.174
0.444
0.371
0.352
0.32
0.297
0.313
0.277
0.219
0.18
0.437
0.372
0.353
0.331
0.303
0.316
0.286
0.227
0.173
0.442
0.383
0.344
0.326
0.306
0.306
0.29
0.229
0.158
0.454
0.378
0.354
0.334
0.315
0.307
0.298
0.234
0.178
0.46
0.39
0.37
0.349
0.333
0.339
0.318
0.252
0.206
0.471
0.418
0.393
0.376
0.356
0.381
0.347
0.285
0.223
0.096
0.07
0.025
0.0
0.002
0.003
-0.006
-0.075
-0.11
0.162
0.118
0.078
0.045
0.03
0.025
0.021
-0.043
-0.071
0.18
0.134
0.096
0.067
0.024
0.034
0.024
-0.034
-0.064
0.162
0.126
0.09
0.06
0.047
0.048
0.006
-0.042
-0.07
0.193
0.124
0.11
0.067
0.046
0.051
0.019
-0.047
-0.076
0.182
0.122
0.099
0.072
0.047
0.051
0.009
-0.035
-0.088
0.179
0.135
0.111
0.079
0.053
0.05
0.034
-0.027
-0.081
0.167
0.134
0.117
0.082
0.076
0.081
0.043
-0.007
-0.063
0.2
0.182
0.149
0.126
0.089
0.111
0.072
0.025
-0.035
0.54
0.422
0.383
0.313
0.325
0.274
0.252
0.173
0.051
0.624
0.554
0.526
0.439
0.401
0.404
0.369
0.261
0.122
0.654
0.587
0.597
0.511
0.471
0.422
0.401
0.278
0.14
0.731
0.653
0.589
0.564
0.491
0.464
0.375
0.228
0.102
0.699
0.632
0.593
0.544
0.518
0.442
0.379
0.248
0.108
0.687
0.624
0.54
0.525
0.491
0.427
0.428
0.264
0.067
0.69
0.63
0.574
0.552
0.508
0.474
0.414
0.279
0.084
0.697
0.636
0.576
0.536
0.498
0.485
0.448
0.288
0.122
0.717
0.655
0.595
0.549
0.542
0.48
0.466
0.349
0.177
0.786
0.718
0.678
0.623
0.604
0.562
0.522
0.449
0.317
0.9
0.813
0.789
0.744
0.722
0.674
0.647
0.548
0.392
0.965
0.871
0.839
0.806
0.754
0.714
0.652
0.542
0.4
0.997
0.895
0.88
0.817
0.78
0.756
0.659
0.559
0.415
0.985
0.902
0.863
0.826
0.77
0.742
0.66
0.552
0.394
0.986
0.907
0.857
0.808
0.769
0.726
0.656
0.559
0.348
1.001
0.893
0.88
0.798
0.781
0.715
0.681
0.551
0.376
0.993
0.893
0.871
0.805
0.787
0.739
0.668
0.564
0.412
1.025
0.944
0.886
0.838
0.8
0.774
0.726
0.631
0.477
0.488
0.406
0.356
0.293
0.303
0.239
0.216
0.13
0.012
0.57
0.547
0.458
0.393
0.409
0.335
0.313
0.21
0.083
0.67
0.601
0.543
0.485
0.423
0.379
0.35
0.222
0.11
0.647
0.616
0.565
0.512
0.471
0.439
0.33
0.249
0.098
0.666
0.594
0.566
0.503
0.457
0.417
0.351
0.199
0.086
0.651
0.589
0.536
0.48
0.452
0.377
0.34
0.228
0.036
0.667
0.603
0.545
0.467
0.441
0.398
0.351
0.253
0.057
0.657
0.593
0.56
0.484
0.457
0.434
0.338
0.247
0.102
0.73
0.645
0.569
0.515
0.476
0.441
0.37
0.334
0.151
