-0.181
-0.185
-0.203
-0.209
-0.207
-0.209
-0.2
-0.189
-0.213
-0.172
-0.188
-0.198
-0.204
-0.198
-0.197
-0.185
-0.187
-0.212
-0.162
-0.177
-0.188
-0.186
-0.19
-0.187
-0.181
-0.184
-0.209
-0.166
-0.178
-0.192
-0.188
-0.189
-0.189
-0.184
-0.191
-0.213
-0.171
-0.185
-0.188
-0.194
-0.197
-0.19
-0.19
-0.194
-0.219
-0.184
-0.182
-0.194
-0.193
-0.199
-0.192
-0.193
-0.194
-0.218
-0.179
-0.174
-0.188
-0.19
-0.194
-0.191
-0.187
-0.185
-0.218
-0.167
-0.176
-0.181
-0.189
-0.187
-0.187
-0.191
-0.178
-0.204
-0.17
-0.174
-0.181
-0.192
-0.186
-0.192
-0.188
-0.18
-0.196
0.053
0.043
0.022
0.021
0.027
0.027
0.03
0.028
0.017
0.062
0.046
0.03
0.031
0.035
0.038
0.04
0.039
0.026
0.065
0.055
0.039
0.04
0.043
0.044
0.046
0.042
0.025
0.064
0.047
0.036
0.039
0.042
0.038
0.039
0.032
0.015
0.058
0.045
0.033
0.037
0.04
0.036
0.034
0.027
0.013
0.055
0.045
0.036
0.033
0.038
0.037
0.035
0.033
0.014
0.058
0.049
0.033
0.031
0.042
0.037
0.038
0.039
0.02
0.066
0.053
0.043
0.037
0.045
0.042
0.041
0.047
0.029
0.063
0.056
0.045
0.037
0.045
0.047
0.043
0.055
0.038
-0.229
-0.239
-0.255
-0.26
-0.249
-0.249
-0.258
-0.249
-0.247
-0.217
-0.225
-0.245
-0.246
-0.243
-0.234
-0.24
-0.245
-0.248
-0.204
-0.219
-0.242
-0.233
-0.23
-0.232
-0.235
-0.248
-0.252
-0.213
-0.234
-0.245
-0.239
-0.234
-0.234
-0.244
-0.257
-0.258
-0.221
-0.231
-0.252
-0.245
-0.233
-0.238
-0.244
-0.255
-0.257
-0.218
-0.23
-0.247
-0.247
-0.237
-0.235
-0.242
-0.25
-0.259
-0.215
-0.233
-0.242
-0.243
-0.23
-0.24
-0.24
-0.248
-0.253
-0.209
-0.227
-0.235
-0.236
-0.229
-0.233
-0.229
-0.242
-0.24
-0.205
-0.224
-0.233
-0.235
-0.229
-0.236
-0.232
-0.23
-0.233
-0.181
-0.185
-0.203
-0.209
-0.207
-0.209
-0.2
-0.189
-0.213
-0.172
-0.188
-0.198
-0.204
-0.198
-0.197
-0.185
-0.187
-0.212
-0.162
-0.177
-0.188
-0.186
-0.19
-0.187
-0.181
-0.184
-0.209
-0.166
-0.178
-0.192
-0.188
-0.189
-0.189
-0.184
-0.191
-0.213
-0.171
-0.185
-0.188
-0.194
-0.197
-0.19
-0.19
-0.194
-0.219
-0.184
-0.182
-0.194
-0.193
-0.199
-0.192
-0.193
-0.194
-0.218
-0.179
-0.174
-0.188
-0.19
-0.194
-0.191
-0.187
-0.185
-0.218
-0.167
-0.176
-0.181
-0.189
-0.187
-0.187
-0.191
-0.178
-0.204
-0.17
-0.174
-0.181
-0.192
-0.186
-0.192
-0.188
-0.18
-0.196
0.053
0.043
0.022
0.021
0.027
0.027
0.03
0.028
0.017
0.062
0.046
0.03
0.031
0.035
0.038
0.04
0.039
0.026
0.065
0.055
0.039
0.04
0.043
0.044
0.046
0.042
0.025
0.064
0.047
0.036
0.039
0.042
0.038
0.039
0.032
0.015
0.058
0.045
0.033
0.037
0.04
0.036
0.034
0.027
0.013
0.055
0.045
0.036
0.033
0.038
0.037
0.035
0.033
0.014
0.058
0.049
0.033
0.031
0.042
0.037
0.038
0.039
0.02
0.066
0.053
0.043
0.037
0.045
0.042
0.041
0.047
0.029
0.063
0.056
0.045
0.037
0.045
0.047
0.043
0.055
0.038
-0.229
-0.239
-0.255
-0.26
-0.249
-0.249
-0.258
-0.249
-0.247
-0.217
-0.225
-0.245
-0.246
-0.243
-0.234
-0.24
-0.245
-0.248
-0.204
-0.219
-0.242
-0.233
-0.23
-0.232
-0.235
-0.248
-0.252
-0.213
-0.234
-0.245
-0.239
-0.234
-0.234
-0.244
-0.257
-0.258
-0.221
-0.231
-0.252
-0.245
-0.233
-0.238
-0.244
-0.255
-0.257
-0.218
-0.23
-0.247
-0.247
-0.237
-0.235
-0.242
-0.25
-0.259
-0.215
-0.233
-0.242
-0.243
-0.23
-0.24
-0.24
-0.248
-0.253
-0.209
-0.227
-0.235
-0.236
-0.229
-0.233
-0.229
-0.242
-0.24
-0.205
-0.224
-0.233
-0.235
-0.229
-0.236
-0.232
-0.23
-0.233
-0.181
-0.185
-0.203
-0.209
-0.207
-0.209
-0.2
-0.189
-0.213
-0.172
-0.188
-0.198
-0.204
-0.198
-0.197
-0.185
-0.187
-0.212
-0.162
-0.177
-0.188
-0.186
-0.19
-0.187
-0.181
-0.184
-0.209
-0.166
-0.178
-0.192
-0.188
-0.189
-0.189
-0.184
-0.191
-0.213
-0.171
-0.185
-0.188
-0.194
-0.197
-0.19
-0.19
-0.194
-0.219
-0.184
-0.182
-0.194
-0.193
-0.199
-0.192
-0.193
-0.194
-0.218
-0.179
-0.174
-0.188
-0.19
-0.194
-0.191
-0.187
-0.185
-0.218
-0.167
-0.176
-0.181
-0.189
-0.187
-0.187
-0.191
-0.178
-0.204
-0.17
-0.174
-0.181
-0.192
-0.186
-0.192
-0.188
-0.18
-0.196
0.053
0.043
0.022
0.021
0.027
0.027
0.03
0.028
0.017
0.062
0.046
0.03
0.031
0.035
0.038
0.04
0.039
0.026
0.065
0.055
0.039
0.04
0.043
0.044
0.046
0.042
0.025
0.064
0.047
0.036
0.039
0.042
0.038
0.039
0.032
0.015
0.058
0.045
0.033
0.037
0.04
0.036
0.034
0.027
0.013
0.055
0.045
0.036
0.033
0.038
0.037
0.035
0.033
0.014
0.058
0.049
0.033
0.031
0.042
0.037
0.038
0.039
0.02
0.066
0.053
0.043
0.037
0.045
0.042
0.041
0.047
0.029
0.063
0.056
0.045
0.037
0.045
0.047
0.043
0.055
0.038
-0.229
-0.239
-0.255
-0.26
-0.249
-0.249
-0.258
-0.249
-0.247
-0.217
-0.225
-0.245
-0.246
-0.243
-0.234
-0.24
-0.245
-0.248
-0.204
-0.219
-0.242
-0.233
-0.23
-0.232
-0.235
-0.248
-0.252
-0.213
-0.234
-0.245
-0.239
-0.234
-0.234
-0.244
-0.257
-0.258
-0.221
-0.231
-0.252
-0.245
-0.233
-0.238
-0.244
-0.255
-0.257
-0.218
-0.23
-0.247
-0.247
-0.237
-0.235
-0.242
-0.25
-0.259
-0.215
-0.233
-0.242
-0.243
-0.23
-0.24
-0.24
-0.248
-0.253
-0.209
-0.227
-0.235
-0.236
-0.229
-0.233
-0.229
-0.242
-0.24
-0.205
-0.224
-0.233
-0.235
-0.229
-0.236
-0.232
-0.23
-0.233
0.013
-0.006
-0.028
-0.039
-0.044
-0.037
-0.048
-0.087
-0.128
0.045
0.013
-0.005
-0.023
-0.019
-0.013
-0.033
-0.069
-0.104
0.05
0.025
0.005
-0.011
-0.029
-0.017
-0.033
-0.077
-0.123
0.039
0.019
0.003
-0.014
-0.013
-0.02
-0.048
-0.08
-0.118
0.032
0.011
-0.009
-0.021
-0.025
-0.026
-0.039
-0.088
-0.136
0.025
0.007
-0.01
-0.006
-0.027
-0.017
-0.036
-0.084
-0.125
0.039
0.031
0.005
-0.003
-0.003
-0.014
-0.025
-0.067
-0.115
0.033
0.034
0.022
0.001
0.003
0.001
-0.016
-0.044
-0.094
0.056
0.045
0.035
0.014
0.022
0.014
0.01
-0.026
-0.069
0.179
0.151
0.138
0.128
0.132
0.118
0.123
0.08
0.053
0.205
0.169
0.16
0.151
0.142
0.139
0.135
0.1
0.071
0.202
0.18
0.159
0.153
0.157
0.148
0.143
0.1
0.055
0.209
0.173
0.162
0.151
0.157
0.144
0.131
0.091
0.048
0.185
0.163
0.152
0.151
0.151
0.142
0.125
0.08
0.04
0.189
0.167
0.149
0.143
0.148
0.143
0.128
0.092
0.038
0.198
0.173
0.162
0.152
0.158
0.142
0.137
0.104
0.06
0.206
0.191
0.183
0.169
0.173
0.162
0.158
0.121
0.081
0.208
0.201
0.195
0.179
0.186
0.187
0.171
0.138
0.103
-0.024
-0.057
-0.055
-0.073
-0.063
-0.071
-0.076
-0.102
-0.128
0.005
-0.027
-0.035
-0.051
-0.047
-0.048
-0.058
-0.09
-0.126
0.018
-0.022
-0.03
-0.023
-0.035
-0.04
-0.053
-0.093
-0.121
0.011
-0.034
-0.022
-0.03
-0.026
-0.037
-0.065
-0.104
-0.131
-0.008
-0.037
-0.039
-0.042
-0.036
-0.043
-0.06
-0.106
-0.141
-0.004
-0.029
-0.044
-0.046
-0.048
-0.052
-0.059
-0.108
-0.136
-0.001
-0.031
-0.026
-0.036
-0.032
-0.046
-0.056
-0.097
-0.114
0.01
-0.014
-0.012
-0.012
-0.012
-0.035
-0.023
-0.076
-0.104
0.022
-0.002
-0.005
-0.014
0.002
-0.02
-0.023
-0.052
-0.081
0.171
0.078
-0.001
-0.029
-0.051
-0.054
-0.038
-0.005
-0.054
0.245
0.137
0.054
0.028
0.006
0.022
0.021
0.012
-0.016
0.264
0.142
0.072
0.062
0.027
0.039
0.022
0.014
-0.026
0.253
0.149
0.072
0.048
0.029
0.038
0.008
0.007
-0.022
0.228
0.122
0.035
0.028
0.002
0.015
0.004
-0.003
-0.07
0.225
0.133
0.052
0.041
0.016
0.007
0.007
-0.01
-0.057
0.233
0.143
0.068
0.059
0.032
0.005
0.008
0.019
-0.057
0.222
0.144
0.097
0.056
0.046
0.052
0.023
0.052
0.005
0.23
0.158
0.121
0.072
0.068
0.056
0.054
0.071
0.041
0.444
0.337
0.255
0.239
0.217
0.211
0.228
0.219
0.202
0.511
0.393
0.321
0.293
0.282
0.271
0.279
0.281
0.257
0.514
0.413
0.34
0.308
0.309
0.294
0.289
0.284
0.246
0.522
0.402
0.342
0.309
0.305
0.296
0.275
0.26
0.218
0.478
0.379
0.327
0.31
0.284
0.278
0.258
0.244
0.21
0.478
0.387
0.329
0.3
0.281
0.286
0.269
0.263
0.205
0.488
0.402
0.331
0.306
0.293
0.282
0.286
0.283
0.234
0.492
0.41
0.36
0.326
0.313
0.301
0.302
0.312
0.27
0.485
0.422
0.374
0.341
0.334
0.33
0.333
0.337
0.3
0.11
0.007
-0.057
-0.08
-0.1
-0.088
-0.115
-0.096
-0.099
0.17
0.058
0.01
-0.022
-0.034
-0.021
-0.038
-0.034
-0.067
0.208
0.086
0.016
0.023
-0.008
-0.021
-0.018
-0.044
-0.066
0.213
0.087
0.03
0.023
0.006
-0.012
-0.035
-0.056
-0.061
0.174
0.066
0.004
0.01
-0.009
-0.017
-0.034
-0.075
-0.098
0.175
0.074
0.018
0.01
-0.027
-0.024
-0.04
-0.076
-0.102
0.188
0.069
0.037
0.016
-0.001
-0.03
-0.028
-0.058
-0.059
0.177
0.094
0.061
0.039
0.019
-0.006
0.013
-0.011
-0.032
0.195
0.1
0.073
0.043
0.031
0.003
0.019
0.016
-0.004
0.469
0.396
0.31
0.309
0.25
0.201
0.193
0.105
-0.005
0.603
0.494
0.437
0.418
0.362
0.329
0.298
0.219
0.083
0.644
0.513
0.482
0.447
0.38
0.351
0.313
0.204
0.067
0.612
0.552
0.499
0.474
0.423
0.369
0.296
0.2
0.067
0.598
0.523
0.455
0.445
0.374
0.348
0.297
0.184
0.022
0.574
0.518
0.462
0.436
0.373
0.384
0.306
0.171
0.054
0.585
0.604
0.505
0.481
0.421
0.375
0.324
0.236
0.062
0.611
0.574
0.548
0.502
0.456
0.417
0.351
0.299
0.155
0.664
0.6
0.574
0.5
0.486
0.421
0.393
0.33
0.214
0.826
0.737
0.64
0.624
0.581
0.53
0.508
0.416
0.327
0.953
0.84
0.787
0.744
0.706
0.664
0.632
0.54
0.452
0.977
0.9
0.803
0.775
0.761
0.717
0.654
0.577
0.414
0.991
0.876
0.83
0.785
0.763
0.722
0.614
0.528
0.39
0.916
0.839
0.795
0.766
0.733
0.7
0.604
0.51
0.372
0.926
0.86
0.816
0.752
0.733
0.688
0.636
0.545
0.355
0.971
0.905
0.839
0.8
0.751
0.701
0.669
0.58
0.431
1.001
0.931
0.892
0.835
0.794
0.74
0.69
0.649
0.492
0.976
0.963
0.917
0.862
0.806
0.805
0.725
0.684
0.551
0.431
0.333
0.262
0.235
0.181
0.177
0.104
0.053
-0.02
0.565
0.477
0.409
0.371
0.311
0.323
0.243
0.164
0.058
0.618
0.527
0.44
0.445
0.412
0.337
0.285
0.141
0.056
0.607
0.479
0.423
0.413
0.394
0.346
0.232
0.108
0.02
0.564
0.484
0.397
0.423
0.385
0.346
0.246
0.12
0.001
0.58
0.503
0.414
0.44
0.376
0.334
0.245
0.153
0.012
0.614
0.512
0.508
0.465
0.398
0.341
0.27
0.192
0.099
0.606
0.561
0.524
0.47
0.44
0.354
0.356
0.246
0.124
0.66
0.598
0.524
0.464
0.454
0.389
0.357
0.319
0.178
0.94
0.864
0.698
0.608
0.512
0.368
0.357
0.258
0.01
1.276
1.034
0.966
0.88
0.774
0.648
0.614
0.419
0.2
1.345
1.155
1.057
0.974
0.87
0.762
0.633
0.418
0.143
1.324
1.181
1.038
1.053
0.921
0.825
0.613
0.404
0.166
1.268
1.119
1.02
0.991
0.823
0.771
0.621
0.327
0.095
1.2
1.133
1.074
0.968
0.805
0.754
0.609
0.338
0.112
1.261
1.262
1.116
1.024
0.886
0.783
0.694
0.489
0.124
1.306
1.29
1.202
1.106
0.958
0.886
0.736
0.623
0.369
1.366
1.305
1.237
1.106
1.038
0.888
0.862
0.656
0.493
1.543
1.38
1.187
1.135
0.999
0.891
0.873
0.659
0.484
1.779
1.59
1.482
1.383
1.295
1.16
1.091
0.903
0.704
1.818
1.687
1.57
1.454
1.378
1.292
1.165
0.987
0.652
1.84
1.685
1.616
1.502
1.398
1.313
1.142
0.886
0.615
1.778
1.632
1.561
1.5
1.364
1.26
1.113
0.873
0.591
1.747
1.66
1.543
1.423
1.357
1.239
1.11
0.893
0.516
1.775
1.705
1.56
1.483
1.414
1.24
1.171
0.984
0.65
1.877
1.793
1.704
1.598
1.475
1.386
1.256
1.146
0.83
1.889
1.841
1.794
1.592
1.492
1.475
1.346
1.227
0.969
0.948
0.805
0.616
0.524
0.457
0.362
0.276
0.147
-0.023
1.16
1.04
0.943
0.733
0.695
0.671
0.534
0.335
0.095
1.277
1.107
0.965
0.918
0.856
0.704
0.59
0.317
0.096
1.292
1.077
1.022
0.988
0.89
0.753
0.531
0.307
0.123
1.2
1.068
0.915
0.934
0.844
0.734
0.564
0.268
0.006
1.214
1.116
0.958
0.905
0.801
0.737
0.533
0.284
-0.036
1.275
1.095
1.093
0.967
0.86
0.723
0.607
0.357
0.16
1.278
1.197
1.172
1.048
0.945
0.811
0.771
0.472
0.271
1.401
1.307
1.165
1.046
0.993
0.853
0.78
0.628
0.371
