-0.22
-0.228
-0.249
-0.234
-0.23
-0.21
-0.212
-0.216
-0.228
-0.206
-0.214
-0.237
-0.22
-0.213
-0.199
-0.191
-0.203
-0.218
-0.195
-0.208
-0.225
-0.21
-0.206
-0.194
-0.191
-0.207
-0.223
-0.199
-0.205
-0.223
-0.206
-0.203
-0.19
-0.195
-0.208
-0.227
-0.205
-0.215
-0.223
-0.218
-0.213
-0.196
-0.198
-0.206
-0.228
-0.2
-0.211
-0.224
-0.215
-0.206
-0.191
-0.192
-0.201
-0.222
-0.192
-0.193
-0.215
-0.197
-0.192
-0.182
-0.176
-0.185
-0.208
-0.173
-0.172
-0.196
-0.178
-0.174
-0.153
-0.154
-0.151
-0.184
-0.165
-0.165
-0.184
-0.177
-0.163
-0.145
-0.138
-0.137
-0.161
-0.019
-0.028
-0.04
-0.027
-0.024
-0.01
-0.002
-0.008
-0.025
-0.001
-0.013
-0.026
-0.018
-0.009
-0.0
0.01
0.001
-0.017
0.007
-0.003
-0.016
-0.011
-0.004
0.006
0.015
-0.004
-0.021
0.006
-0.004
-0.016
-0.008
0.002
0.008
0.012
-0.008
-0.026
-0.002
-0.012
-0.024
-0.012
-0.006
0.002
0.007
-0.011
-0.033
0.003
-0.008
-0.02
-0.009
-0.007
0.006
0.012
-0.0
-0.029
0.009
0.006
-0.007
0.007
0.013
0.023
0.029
0.018
-0.007
0.023
0.023
0.011
0.021
0.029
0.041
0.051
0.045
0.018
0.036
0.031
0.019
0.028
0.039
0.05
0.061
0.056
0.038
-0.196
-0.207
-0.213
-0.211
-0.202
-0.195
-0.177
-0.192
-0.202
-0.18
-0.187
-0.195
-0.195
-0.184
-0.178
-0.165
-0.179
-0.194
-0.175
-0.177
-0.194
-0.189
-0.186
-0.177
-0.163
-0.18
-0.199
-0.17
-0.179
-0.198
-0.186
-0.179
-0.175
-0.165
-0.183
-0.199
-0.184
-0.193
-0.204
-0.193
-0.19
-0.179
-0.172
-0.193
-0.214
-0.178
-0.188
-0.202
-0.189
-0.186
-0.17
-0.165
-0.183
-0.211
-0.164
-0.161
-0.183
-0.172
-0.163
-0.161
-0.149
-0.164
-0.186
-0.152
-0.154
-0.169
-0.157
-0.152
-0.144
-0.127
-0.139
-0.161
-0.144
-0.153
-0.156
-0.155
-0.143
-0.131
-0.121
-0.123
-0.146
-0.22
-0.228
-0.249
-0.234
-0.23
-0.21
-0.212
-0.216
-0.228
-0.206
-0.214
-0.237
-0.22
-0.213
-0.199
-0.191
-0.203
-0.218
-0.195
-0.208
-0.225
-0.21
-0.206
-0.194
-0.191
-0.207
-0.223
-0.199
-0.205
-0.223
-0.206
-0.203
-0.19
-0.195
-0.208
-0.227
-0.205
-0.215
-0.223
-0.218
-0.213
-0.196
-0.198
-0.206
-0.228
-0.2
-0.211
-0.224
-0.215
-0.206
-0.191
-0.192
-0.201
-0.222
-0.192
-0.193
-0.215
-0.197
-0.192
-0.182
-0.176
-0.185
-0.208
-0.173
-0.172
-0.196
-0.178
-0.174
-0.153
-0.154
-0.151
-0.184
-0.165
-0.165
-0.184
-0.177
-0.163
-0.145
-0.138
-0.137
-0.161
-0.019
-0.028
-0.04
-0.027
-0.024
-0.01
-0.002
-0.008
-0.025
-0.001
-0.013
-0.026
-0.018
-0.009
-0.0
0.01
0.001
-0.017
0.007
-0.003
-0.016
-0.011
-0.004
0.006
0.015
-0.004
-0.021
0.006
-0.004
-0.016
-0.008
0.002
0.008
0.012
-0.008
-0.026
-0.002
-0.012
-0.024
-0.012
-0.006
0.002
0.007
-0.011
-0.033
0.003
-0.008
-0.02
-0.009
-0.007
0.006
0.012
-0.0
-0.029
0.009
0.006
-0.007
0.007
0.013
0.023
0.029
0.018
-0.007
0.023
0.023
0.011
0.021
0.029
0.041
0.051
0.045
0.018
0.036
0.031
0.019
0.028
0.039
0.05
0.061
0.056
0.038
-0.196
-0.207
-0.213
-0.211
-0.202
-0.195
-0.177
-0.192
-0.202
-0.18
-0.187
-0.195
-0.195
-0.184
-0.178
-0.165
-0.179
-0.194
-0.175
-0.177
-0.194
-0.189
-0.186
-0.177
-0.163
-0.18
-0.199
-0.17
-0.179
-0.198
-0.186
-0.179
-0.175
-0.165
-0.183
-0.199
-0.184
-0.193
-0.204
-0.193
-0.19
-0.179
-0.172
-0.193
-0.214
-0.178
-0.188
-0.202
-0.189
-0.186
-0.17
-0.165
-0.183
-0.211
-0.164
-0.161
-0.183
-0.172
-0.163
-0.161
-0.149
-0.164
-0.186
-0.152
-0.154
-0.169
-0.157
-0.152
-0.144
-0.127
-0.139
-0.161
-0.144
-0.153
-0.156
-0.155
-0.143
-0.131
-0.121
-0.123
-0.146
-0.22
-0.228
-0.249
-0.234
-0.23
-0.21
-0.212
-0.216
-0.228
-0.206
-0.214
-0.237
-0.22
-0.213
-0.199
-0.191
-0.203
-0.218
-0.195
-0.208
-0.225
-0.21
-0.206
-0.194
-0.191
-0.207
-0.223
-0.199
-0.205
-0.223
-0.206
-0.203
-0.19
-0.195
-0.208
-0.227
-0.205
-0.215
-0.223
-0.218
-0.213
-0.196
-0.198
-0.206
-0.228
-0.2
-0.211
-0.224
-0.215
-0.206
-0.191
-0.192
-0.201
-0.222
-0.192
-0.193
-0.215
-0.197
-0.192
-0.182
-0.176
-0.185
-0.208
-0.173
-0.172
-0.196
-0.178
-0.174
-0.153
-0.154
-0.151
-0.184
-0.165
-0.165
-0.184
-0.177
-0.163
-0.145
-0.138
-0.137
-0.161
-0.019
-0.028
-0.04
-0.027
-0.024
-0.01
-0.002
-0.008
-0.025
-0.001
-0.013
-0.026
-0.018
-0.009
-0.0
0.01
0.001
-0.017
0.007
-0.003
-0.016
-0.011
-0.004
0.006
0.015
-0.004
-0.021
0.006
-0.004
-0.016
-0.008
0.002
0.008
0.012
-0.008
-0.026
-0.002
-0.012
-0.024
-0.012
-0.006
0.002
0.007
-0.011
-0.033
0.003
-0.008
-0.02
-0.009
-0.007
0.006
0.012
-0.0
-0.029
0.009
0.006
-0.007
0.007
0.013
0.023
0.029
0.018
-0.007
0.023
0.023
0.011
0.021
0.029
0.041
0.051
0.045
0.018
0.036
0.031
0.019
0.028
0.039
0.05
0.061
0.056
0.038
-0.196
-0.207
-0.213
-0.211
-0.202
-0.195
-0.177
-0.192
-0.202
-0.18
-0.187
-0.195
-0.195
-0.184
-0.178
-0.165
-0.179
-0.194
-0.175
-0.177
-0.194
-0.189
-0.186
-0.177
-0.163
-0.18
-0.199
-0.17
-0.179
-0.198
-0.186
-0.179
-0.175
-0.165
-0.183
-0.199
-0.184
-0.193
-0.204
-0.193
-0.19
-0.179
-0.172
-0.193
-0.214
-0.178
-0.188
-0.202
-0.189
-0.186
-0.17
-0.165
-0.183
-0.211
-0.164
-0.161
-0.183
-0.172
-0.163
-0.161
-0.149
-0.164
-0.186
-0.152
-0.154
-0.169
-0.157
-0.152
-0.144
-0.127
-0.139
-0.161
-0.144
-0.153
-0.156
-0.155
-0.143
-0.131
-0.121
-0.123
-0.146
-0.175
-0.208
-0.241
-0.245
-0.244
-0.245
-0.259
-0.25
-0.264
-0.14
-0.164
-0.206
-0.211
-0.206
-0.217
-0.207
-0.214
-0.233
-0.114
-0.142
-0.177
-0.178
-0.184
-0.191
-0.192
-0.202
-0.229
-0.117
-0.135
-0.17
-0.17
-0.168
-0.18
-0.2
-0.204
-0.233
-0.116
-0.149
-0.177
-0.187
-0.19
-0.195
-0.201
-0.212
-0.241
-0.116
-0.142
-0.18
-0.183
-0.184
-0.184
-0.191
-0.199
-0.239
-0.095
-0.112
-0.161
-0.149
-0.151
-0.165
-0.163
-0.165
-0.197
-0.064
-0.069
-0.114
-0.115
-0.112
-0.111
-0.104
-0.096
-0.137
-0.057
-0.066
-0.1
-0.107
-0.107
-0.098
-0.086
-0.066
-0.103
-0.004
-0.031
-0.064
-0.064
-0.069
-0.071
-0.065
-0.068
-0.086
0.035
0.012
-0.027
-0.034
-0.034
-0.036
-0.033
-0.034
-0.06
0.059
0.043
0.002
0.0
-0.005
-0.009
-0.011
-0.03
-0.049
0.063
0.044
0.01
0.006
0.005
-0.008
-0.015
-0.039
-0.05
0.052
0.032
-0.002
0.001
-0.006
-0.012
-0.023
-0.038
-0.065
0.059
0.037
-0.001
0.007
-0.004
-0.011
-0.009
-0.021
-0.066
0.075
0.063
0.021
0.028
0.029
0.021
0.018
0.015
-0.022
0.103
0.097
0.059
0.065
0.067
0.068
0.077
0.074
0.033
0.12
0.113
0.072
0.077
0.085
0.089
0.094
0.107
0.072
-0.157
-0.184
-0.222
-0.214
-0.219
-0.22
-0.219
-0.221
-0.232
-0.115
-0.143
-0.179
-0.181
-0.179
-0.184
-0.182
-0.185
-0.217
-0.086
-0.109
-0.154
-0.147
-0.156
-0.154
-0.163
-0.166
-0.197
-0.084
-0.109
-0.156
-0.146
-0.152
-0.152
-0.162
-0.184
-0.194
-0.104
-0.125
-0.163
-0.147
-0.161
-0.159
-0.168
-0.187
-0.211
-0.098
-0.117
-0.165
-0.146
-0.155
-0.15
-0.162
-0.168
-0.214
-0.075
-0.075
-0.131
-0.12
-0.119
-0.125
-0.121
-0.134
-0.171
-0.04
-0.049
-0.096
-0.077
-0.08
-0.074
-0.074
-0.072
-0.112
-0.032
-0.038
-0.078
-0.078
-0.069
-0.055
-0.061
-0.045
-0.079
-0.095
-0.22
-0.318
-0.345
-0.378
-0.409
-0.411
-0.383
-0.385
-0.013
-0.158
-0.246
-0.287
-0.311
-0.361
-0.329
-0.328
-0.343
0.018
-0.129
-0.214
-0.248
-0.293
-0.337
-0.323
-0.331
-0.362
0.001
-0.124
-0.207
-0.243
-0.273
-0.321
-0.363
-0.348
-0.383
-0.024
-0.158
-0.242
-0.289
-0.321
-0.372
-0.371
-0.37
-0.418
-0.027
-0.161
-0.251
-0.297
-0.328
-0.364
-0.361
-0.38
-0.432
-0.021
-0.142
-0.237
-0.255
-0.29
-0.345
-0.329
-0.335
-0.394
0.003
-0.092
-0.185
-0.217
-0.263
-0.287
-0.274
-0.253
-0.319
0.016
-0.086
-0.171
-0.218
-0.258
-0.265
-0.244
-0.208
-0.258
0.304
0.184
0.092
0.07
0.03
-0.0
0.025
0.029
0.037
0.4
0.261
0.163
0.126
0.1
0.067
0.08
0.089
0.067
0.431
0.304
0.21
0.179
0.134
0.087
0.101
0.07
0.056
0.43
0.302
0.219
0.175
0.145
0.079
0.094
0.045
0.052
0.39
0.269
0.178
0.144
0.108
0.057
0.055
0.031
0.007
0.389
0.255
0.16
0.138
0.094
0.047
0.065
0.041
-0.018
0.402
0.284
0.183
0.15
0.123
0.083
0.098
0.076
0.033
0.428
0.315
0.223
0.196
0.166
0.133
0.155
0.151
0.103
0.435
0.324
0.238
0.202
0.183
0.155
0.173
0.191
0.164
-0.05
-0.18
-0.277
-0.297
-0.315
-0.343
-0.328
-0.32
-0.313
0.029
-0.103
-0.19
-0.226
-0.243
-0.28
-0.258
-0.274
-0.284
0.068
-0.065
-0.154
-0.187
-0.221
-0.257
-0.254
-0.266
-0.298
0.067
-0.058
-0.169
-0.187
-0.22
-0.256
-0.252
-0.292
-0.292
0.015
-0.109
-0.192
-0.2
-0.251
-0.284
-0.28
-0.319
-0.336
0.014
-0.115
-0.218
-0.226
-0.257
-0.289
-0.296
-0.318
-0.364
0.041
-0.062
-0.183
-0.204
-0.226
-0.264
-0.254
-0.285
-0.325
0.067
-0.045
-0.136
-0.153
-0.198
-0.203
-0.207
-0.206
-0.242
0.064
-0.037
-0.119
-0.161
-0.185
-0.184
-0.193
-0.184
-0.209
1.053
0.936
0.811
0.784
0.721
0.616
0.539
0.53
0.427
1.221
1.124
0.995
0.94
0.889
0.775
0.727
0.669
0.549
1.293
1.161
1.051
1.016
0.938
0.824
0.744
0.656
0.507
1.246
1.171
1.049
1.02
0.947
0.849
0.691
0.624
0.451
1.208
1.107
1.011
0.931
0.867
0.769
0.68
0.568
0.404
1.192
1.109
0.98
0.918
0.857
0.779
0.68
0.584
0.381
1.233
1.17
1.034
1.006
0.932
0.806
0.748
0.656
0.451
1.295
1.259
1.13
1.087
0.983
0.914
0.856
0.813
0.576
1.299
1.238
1.116
1.043
0.963
0.896
0.884
0.862
0.67
1.388
1.305
1.193
1.15
1.061
0.998
0.967
0.912
0.816
1.592
1.479
1.359
1.319
1.243
1.169
1.115
1.061
0.918
1.64
1.55
1.434
1.404
1.3
1.205
1.132
1.012
0.886
1.64
1.556
1.448
1.399
1.332
1.198
1.12
0.962
0.855
1.577
1.505
1.399
1.339
1.266
1.16
1.073
0.95
0.799
1.573
1.494
1.368
1.333
1.245
1.141
1.071
0.957
0.767
1.603
1.539
1.416
1.379
1.305
1.211
1.135
1.02
0.854
1.659
1.614
1.492
1.447
1.375
1.291
1.242
1.154
0.949
1.671
1.609
1.487
1.43
1.364
1.3
1.254
1.21
1.05
1.102
0.992
0.881
0.849
0.79
0.699
0.678
0.612
0.514
1.288
1.18
1.088
1.022
0.965
0.874
0.828
0.741
0.61
1.349
1.252
1.125
1.107
1.0
0.9
0.841
0.736
0.584
1.361
1.26
1.099
1.102
1.028
0.923
0.838
0.701
0.583
1.257
1.179
1.087
1.091
0.958
0.87
0.803
0.655
0.514
1.268
1.188
1.037
1.046
0.938
0.855
0.775
0.661
0.442
1.332
1.296
1.122
1.088
1.018
0.907
0.859
0.718
0.541
1.374
1.314
1.185
1.167
1.077
1.01
0.931
0.867
0.656
1.361
1.306
1.192
1.113
1.058
1.004
0.945
0.899
0.73
1.939
1.75
1.493
1.42
1.269
1.101
0.911
0.843
0.618
2.307
2.127
1.873
1.764
1.601
1.392
1.28
1.113
0.855
2.375
2.18
1.963
1.863
1.697
1.456
1.278
1.077
0.766
2.346
2.178
1.987
1.888
1.705
1.488
1.17
1.015
0.689
2.285
2.079
1.889
1.748
1.581
1.349
1.139
0.961
0.612
2.27
2.082
1.855
1.712
1.548
1.404
1.194
0.974
0.535
2.354
2.191
1.939
1.879
1.699
1.442
1.307
1.116
0.693
2.463
2.377
2.121
2.031
1.782
1.62
1.508
1.405
0.945
2.42
2.335
2.121
1.962
1.755
1.67
1.567
1.524
1.115
2.441
2.291
2.062
2.007
1.806
1.626
1.552
1.437
1.243
2.865
2.659
2.426
2.337
2.152
1.972
1.846
1.736
1.428
2.945
2.784
2.575
2.472
2.263
2.039
1.893
1.634
1.372
2.919
2.782
2.579
2.45
2.304
2.049
1.835
1.528
1.296
2.828
2.69
2.497
2.372
2.178
1.983
1.759
1.502
1.199
2.841
2.686
2.451
2.354
2.154
1.946
1.788
1.54
1.133
2.891
2.776
2.523
2.419
2.282
2.084
1.925
1.668
1.306
2.96
2.914
2.68
2.562
2.403
2.23
2.108
1.946
1.526
3.003
2.89
2.691
2.556
2.406
2.264
2.138
2.036
1.688
1.903
1.695
1.469
1.409
1.261
1.085
1.002
0.814
0.629
2.262
2.083
1.895
1.732
1.603
1.391
1.295
1.114
0.819
2.389
2.238
1.986
1.901
1.693
1.487
1.299
1.14
0.786
2.407
2.237
1.914
1.886
1.754
1.497
1.32
1.025
0.78
2.213
2.065
1.881
1.861
1.625
1.418
1.261
0.929
0.62
2.237
2.128
1.829
1.815
1.588
1.415
1.224
0.972
0.524
2.388
2.313
1.989
1.893
1.724
1.502
1.356
1.086
0.697
2.451
2.364
2.099
2.014
1.835
1.665
1.527
1.365
0.997
2.456
2.331
2.151
1.956
1.789
1.702
1.512
1.421
1.102
