3.945
3.927
3.905
3.878
3.834
3.877
3.896
3.876
3.851
3.932
3.919
3.89
3.862
3.826
3.857
3.87
3.858
3.836
3.927
3.921
3.891
3.855
3.825
3.864
3.876
3.865
3.836
3.932
3.912
3.885
3.854
3.824
3.862
3.873
3.852
3.829
3.92
3.901
3.878
3.842
3.813
3.861
3.858
3.842
3.817
3.92
3.898
3.876
3.851
3.826
3.871
3.866
3.846
3.826
3.931
3.901
3.891
3.852
3.839
3.883
3.877
3.865
3.847
3.938
3.901
3.897
3.856
3.863
3.897
3.877
3.875
3.861
3.932
3.921
3.906
3.862
3.875
3.888
3.883
3.874
3.866
3.918
3.898
3.869
3.843
3.8
3.843
3.851
3.849
3.81
3.903
3.891
3.861
3.827
3.785
3.82
3.835
3.829
3.793
3.909
3.893
3.874
3.828
3.781
3.821
3.842
3.827
3.796
3.913
3.887
3.856
3.824
3.781
3.827
3.837
3.831
3.799
3.91
3.882
3.854
3.826
3.79
3.836
3.84
3.827
3.798
3.906
3.877
3.857
3.827
3.8
3.843
3.849
3.829
3.803
3.895
3.88
3.862
3.824
3.806
3.842
3.833
3.815
3.806
3.903
3.891
3.877
3.833
3.822
3.852
3.837
3.827
3.826
3.909
3.892
3.883
3.841
3.838
3.86
3.85
3.837
3.838
4.066
4.04
4.014
3.99
3.957
3.99
4.005
3.999
3.97
4.05
4.033
3.988
3.968
3.94
3.945
3.977
3.977
3.935
4.045
4.023
3.99
3.964
3.925
3.944
3.962
3.963
3.934
4.033
4.002
3.988
3.951
3.912
3.947
3.946
3.943
3.932
4.045
4.011
3.986
3.956
3.912
3.955
3.965
3.96
3.942
4.036
4.016
3.983
3.962
3.924
3.971
3.975
3.953
3.948
4.043
4.017
3.984
3.966
3.941
3.977
3.966
3.953
3.951
4.057
4.029
4.006
3.964
3.954
3.996
3.983
3.973
3.975
4.074
4.041
4.024
3.977
3.978
4.019
3.993
3.99
3.997
3.945
3.927
3.905
3.878
3.834
3.877
3.896
3.876
3.851
3.932
3.919
3.89
3.862
3.826
3.857
3.87
3.858
3.836
3.927
3.921
3.891
3.855
3.825
3.864
3.876
3.865
3.836
3.932
3.912
3.885
3.854
3.824
3.862
3.873
3.852
3.829
3.92
3.901
3.878
3.842
3.813
3.861
3.858
3.842
3.817
3.92
3.898
3.876
3.851
3.826
3.871
3.866
3.846
3.826
3.931
3.901
3.891
3.852
3.839
3.883
3.877
3.865
3.847
3.938
3.901
3.897
3.856
3.863
3.897
3.877
3.875
3.861
3.932
3.921
3.906
3.862
3.875
3.888
3.883
3.874
3.866
3.918
3.898
3.869
3.843
3.8
3.843
3.851
3.849
3.81
3.903
3.891
3.861
3.827
3.785
3.82
3.835
3.829
3.793
3.909
3.893
3.874
3.828
3.781
3.821
3.842
3.827
3.796
3.913
3.887
3.856
3.824
3.781
3.827
3.837
3.831
3.799
3.91
3.882
3.854
3.826
3.79
3.836
3.84
3.827
3.798
3.906
3.877
3.857
3.827
3.8
3.843
3.849
3.829
3.803
3.895
3.88
3.862
3.824
3.806
3.842
3.833
3.815
3.806
3.903
3.891
3.877
3.833
3.822
3.852
3.837
3.827
3.826
3.909
3.892
3.883
3.841
3.838
3.86
3.85
3.837
3.838
4.066
4.04
4.014
3.99
3.957
3.99
4.005
3.999
3.97
4.05
4.033
3.988
3.968
3.94
3.945
3.977
3.977
3.935
4.045
4.023
3.99
3.964
3.925
3.944
3.962
3.963
3.934
4.033
4.002
3.988
3.951
3.912
3.947
3.946
3.943
3.932
4.045
4.011
3.986
3.956
3.912
3.955
3.965
3.96
3.942
4.036
4.016
3.983
3.962
3.924
3.971
3.975
3.953
3.948
4.043
4.017
3.984
3.966
3.941
3.977
3.966
3.953
3.951
4.057
4.029
4.006
3.964
3.954
3.996
3.983
3.973
3.975
4.074
4.041
4.024
3.977
3.978
4.019
3.993
3.99
3.997
3.797
3.79
3.746
3.731
3.741
3.737
3.723
3.726
3.726
3.782
3.782
3.745
3.73
3.74
3.715
3.713
3.716
3.725
3.778
3.784
3.732
3.73
3.749
3.731
3.714
3.716
3.717
3.791
3.772
3.732
3.734
3.743
3.727
3.727
3.718
3.736
3.798
3.776
3.739
3.727
3.75
3.731
3.716
3.729
3.734
3.794
3.752
3.722
3.724
3.735
3.722
3.716
3.734
3.759
3.784
3.764
3.72
3.723
3.743
3.758
3.739
3.768
3.796
3.809
3.797
3.768
3.766
3.782
3.787
3.764
3.789
3.819
3.82
3.804
3.78
3.789
3.781
3.785
3.791
3.808
3.841
3.77
3.764
3.728
3.715
3.717
3.71
3.702
3.702
3.71
3.753
3.74
3.7
3.688
3.703
3.687
3.665
3.68
3.693
3.755
3.731
3.698
3.692
3.699
3.678
3.664
3.675
3.683
3.754
3.743
3.71
3.692
3.698
3.681
3.675
3.684
3.703
3.754
3.721
3.706
3.698
3.688
3.693
3.688
3.685
3.696
3.759
3.727
3.697
3.697
3.691
3.698
3.702
3.697
3.713
3.768
3.739
3.71
3.704
3.712
3.708
3.714
3.708
3.732
3.763
3.753
3.726
3.726
3.73
3.721
3.715
3.719
3.737
3.792
3.77
3.729
3.741
3.734
3.737
3.741
3.74
3.774
4.019
3.989
3.979
3.975
3.969
3.94
3.942
3.952
3.941
3.998
3.98
3.934
3.93
3.925
3.907
3.896
3.911
3.896
3.983
3.947
3.916
3.925
3.913
3.892
3.884
3.89
3.902
3.968
3.954
3.896
3.886
3.901
3.897
3.881
3.879
3.924
3.99
3.955
3.892
3.892
3.899
3.911
3.904
3.887
3.946
3.962
3.934
3.901
3.891
3.9
3.908
3.902
3.907
3.938
3.969
3.947
3.897
3.891
3.899
3.898
3.89
3.926
3.962
3.979
3.958
3.911
3.917
3.916
3.912
3.905
3.948
3.984
4.023
3.985
3.952
3.95
3.952
3.951
3.956
3.969
4.0
3.602
3.59
3.579
3.549
3.478
3.484
3.49
3.493
3.472
3.598
3.601
3.565
3.556
3.475
3.499
3.483
3.503
3.487
3.63
3.642
3.551
3.566
3.489
3.475
3.486
3.514
3.497
3.641
3.609
3.555
3.536
3.509
3.49
3.493
3.508
3.506
3.644
3.617
3.568
3.514
3.516
3.542
3.51
3.546
3.551
3.64
3.628
3.559
3.535
3.485
3.521
3.521
3.563
3.554
3.639
3.608
3.541
3.535
3.506
3.55
3.549
3.562
3.593
3.641
3.615
3.55
3.57
3.553
3.582
3.564
3.599
3.637
3.632
3.634
3.591
3.568
3.581
3.556
3.569
3.629
3.679
3.52
3.485
3.445
3.391
3.394
3.383
3.34
3.36
3.375
3.488
3.46
3.422
3.376
3.356
3.34
3.325
3.34
3.36
3.52
3.462
3.416
3.37
3.332
3.336
3.321
3.305
3.332
3.533
3.48
3.421
3.383
3.37
3.351
3.346
3.326
3.353
3.495
3.454
3.424
3.379
3.356
3.365
3.333
3.36
3.36
3.491
3.453
3.418
3.385
3.368
3.36
3.352
3.394
3.391
3.492
3.493
3.399
3.393
3.359
3.373
3.386
3.392
3.407
3.516
3.471
3.428
3.407
3.372
3.373
3.385
3.411
3.455
3.548
3.495
3.464
3.422
3.404
3.393
3.417
3.425
3.473
3.943
3.889
3.828
3.779
3.777
3.768
3.78
3.779
3.753
3.876
3.798
3.742
3.747
3.711
3.673
3.71
3.714
3.675
3.863
3.799
3.74
3.71
3.66
3.646
3.664
3.679
3.675
3.84
3.79
3.743
3.665
3.651
3.66
3.662
3.687
3.693
3.846
3.79
3.752
3.676
3.687
3.686
3.682
3.702
3.732
3.836
3.816
3.763
3.711
3.719
3.708
3.705
3.732
3.757
3.876
3.86
3.752
3.756
3.75
3.739
3.729
3.757
3.817
3.921
3.855
3.771
3.764
3.746
3.779
3.767
3.802
3.863
3.935
3.88
3.872
3.806
3.765
3.808
3.838
3.862
3.92
3.443
3.419
3.29
3.321
3.266
3.297
3.284
3.297
3.286
3.462
3.415
3.269
3.27
3.239
3.305
3.294
3.229
3.266
3.458
3.396
3.294
3.257
3.288
3.318
3.353
3.291
3.263
3.449
3.351
3.27
3.269
3.301
3.272
3.312
3.268
3.362
3.397
3.376
3.277
3.287
3.31
3.313
3.298
3.325
3.401
3.414
3.365
3.29
3.347
3.38
3.361
3.39
3.397
3.485
3.426
3.363
3.248
3.277
3.331
3.395
3.406
3.466
3.552
3.477
3.429
3.263
3.289
3.345
3.429
3.432
3.58
3.632
3.503
3.376
3.339
3.314
3.382
3.432
3.494
3.68
3.691
2.909
2.846
2.747
2.741
2.694
2.74
2.722
2.7
2.756
2.858
2.798
2.696
2.663
2.68
2.704
2.673
2.664
2.713
2.886
2.781
2.697
2.682
2.71
2.666
2.673
2.704
2.728
2.884
2.752
2.661
2.674
2.685
2.639
2.682
2.734
2.741
2.854
2.765
2.689
2.659
2.641
2.706
2.705
2.746
2.787
2.861
2.785
2.689
2.712
2.702
2.746
2.779
2.802
2.864
2.861
2.778
2.674
2.685
2.722
2.742
2.783
2.801
2.879
2.907
2.809
2.715
2.713
2.747
2.779
2.822
2.854
2.935
2.96
2.844
2.762
2.76
2.753
2.855
2.881
2.923
3.023
3.661
3.613
3.488
3.477
3.476
3.512
3.454
3.476
3.484
3.602
3.514
3.402
3.384
3.385
3.417
3.345
3.404
3.404
3.558
3.458
3.352
3.354
3.348
3.355
3.325
3.383
3.417
3.554
3.496
3.36
3.352
3.329
3.341
3.345
3.384
3.407
3.551
3.509
3.332
3.348
3.331
3.367
3.384
3.413
3.498
3.518
3.465
3.361
3.362
3.339
3.427
3.441
3.46
3.567
3.535
3.451
3.347
3.379
3.36
3.386
3.422
3.471
3.578
3.619
3.497
3.413
3.405
3.415
3.491
3.496
3.556
3.744
3.715
3.58
3.451
3.481
3.522
3.608
3.654
3.705
3.814
0.45
0.447
0.373
0.423
0.48
0.41
0.403
0.481
0.438
0.367
0.274
0.294
0.231
0.455
0.412
0.346
0.48
0.348
0.571
0.367
0.449
0.335
0.527
0.607
0.489
0.578
0.561
0.528
0.374
0.431
0.351
0.469
0.7
0.67
0.691
0.68
0.479
0.397
0.332
0.372
0.458
0.639
0.639
0.695
0.783
0.33
0.218
0.179
0.346
0.329
0.511
0.689
0.642
0.977
0.389
0.298
0.149
0.243
0.504
0.581
0.777
0.835
0.996
0.482
0.364
0.338
0.431
0.525
0.655
0.822
0.971
1.128
0.362
0.303
0.313
0.339
0.661
0.72
0.903
1.123
1.164
-0.119
-0.22
-0.262
-0.222
-0.157
-0.188
-0.16
-0.145
-0.145
-0.114
-0.21
-0.239
-0.258
-0.203
-0.179
-0.301
-0.227
-0.191
-0.027
-0.122
-0.238
-0.341
-0.249
-0.215
-0.238
-0.145
-0.082
-0.196
-0.223
-0.266
-0.261
-0.14
-0.062
-0.081
-0.117
0.028
-0.228
-0.257
-0.307
-0.242
-0.219
-0.177
-0.129
-0.112
0.078
-0.131
-0.22
-0.338
-0.234
-0.279
-0.11
-0.006
-0.027
0.188
-0.181
-0.144
-0.345
-0.261
-0.119
-0.084
-0.002
0.184
0.3
-0.252
-0.182
-0.327
-0.295
-0.195
-0.064
0.014
0.222
0.333
-0.107
-0.168
-0.262
-0.212
-0.189
0.028
0.178
0.24
0.349
0.465
0.271
0.25
0.252
0.294
0.325
0.416
0.387
0.421
0.375
0.335
0.267
0.17
0.127
0.206
0.212
0.212
0.274
0.382
0.231
0.207
0.045
0.172
0.126
0.228
0.221
0.381
0.338
0.179
0.125
0.084
0.303
0.234
0.369
0.342
0.484
0.25
0.24
0.247
0.173
0.305
0.195
0.289
0.399
0.552
0.315
0.255
0.235
0.209
0.425
0.334
0.423
0.712
0.762
0.253
0.182
0.217
0.136
0.309
0.395
0.511
0.674
0.868
0.474
0.256
0.25
0.23
0.398
0.49
0.614
0.734
1.034
0.557
0.469
0.4
0.408
0.464
0.632
0.756
0.969
1.296
